Freq (mhz), Count166.686005, 21 
166.692001, 16 
452.681976, 1 
452.687988, 6 
452.694031, 1 
453.089996, 1 
473.112000, 2 
473.118011, 12 
487.391998, 3 
507.377991, 8 
507.384003, 338 
507.390015, 675 
507.395996, 602 
507.401978, 358 
507.407990, 32 
552.083984, 1 
566.664001, 3 
566.838013, 3 
566.844055, 4 
566.862000, 1 
567.006042, 1 
567.018005, 1 
567.078003, 1 
567.150024, 3 
567.180054, 1 
567.185974, 2 
567.197998, 1 
567.216003, 2 
567.329956, 1 
567.599976, 1 
567.713989, 6 
567.719971, 11 
567.798035, 1 
567.827942, 2 
567.833984, 1 
567.852051, 4 
567.869995, 1 
567.875977, 1 
567.881958, 1 
567.906006, 20 
567.911987, 5 
567.918030, 4 
567.935974, 4 
567.942017, 2 
567.953979, 21 
567.960022, 19 
567.966003, 9 
567.989990, 19 
567.996033, 88 
568.002014, 33 
568.007996, 32 
568.019958, 1 
568.026001, 2 
568.031982, 2 
568.049988, 3 
568.056030, 4 
568.067993, 11 
568.073975, 11 
568.080017, 44 
568.085999, 34 
568.092041, 17 
568.097961, 1 
568.104004, 9 
568.110046, 25 
568.122009, 10 
568.127991, 8 
568.134033, 9 
568.140015, 73 
568.145996, 43 
568.151978, 25 
568.169983, 7 
568.176025, 50 
568.182007, 16 
568.188049, 20 
568.193970, 3 
568.200012, 50 
568.211975, 8 
568.217957, 64 
568.230042, 7 
568.236023, 66 
568.242004, 35 
568.247986, 120 
568.254028, 24 
568.259949, 27 
568.265991, 33 
568.271973, 124 
568.278015, 59 
568.284058, 85 
568.289978, 77 
568.296021, 12 
568.302002, 3 
568.307983, 52 
568.313965, 96 
568.320007, 10 
568.325989, 41 
568.332031, 36 
568.338013, 4 
568.343994, 3 
568.350037, 32 
568.355957, 6 
568.362000, 7 
568.367981, 40 
568.380005, 70 
568.385986, 67 
568.392029, 92 
568.398010, 4 
568.403992, 9 
568.409973, 50 
568.416016, 20 
568.421997, 26 
568.428040, 4 
568.433960, 54 
568.440002, 45 
568.458008, 6 
568.463989, 11 
568.470032, 12 
568.476013, 23 
568.481995, 19 
568.487976, 8 
568.494019, 10 
568.499939, 45 
568.505981, 41 
568.512024, 49 
568.518005, 86 
568.524048, 67 
568.529968, 3 
568.536011, 61 
568.541992, 44 
568.547974, 25 
568.553955, 82 
568.559998, 141 
568.566040, 25 
568.578003, 73 
568.583984, 14 
568.590027, 24 
568.595947, 16 
568.601990, 28 
568.607971, 1 
568.614014, 4 
568.620056, 24 
568.625977, 16 
568.632019, 5 
568.638000, 23 
568.643982, 86 
568.649963, 32 
568.656006, 8 
568.661987, 40 
568.668030, 99 
568.674011, 54 
568.679993, 137 
568.686035, 55 
568.691956, 73 
568.697998, 20 
568.703979, 68 
568.710022, 54 
568.716003, 81 
568.721985, 184 
568.728027, 172 
568.734009, 27 
568.739990, 32 
568.745972, 24 
568.752014, 30 
568.757996, 114 
568.764038, 86 
568.769958, 59 
568.776001, 39 
568.782043, 42 
568.787964, 111 
568.794006, 102 
568.799988, 79 
568.806030, 55 
568.812012, 176 
568.817993, 64 
568.823975, 64 
568.830017, 286 
568.835938, 222 
568.841980, 91 
568.848022, 241 
568.854004, 228 
568.860046, 161 
568.865967, 108 
568.872009, 60 
568.877991, 28 
568.883972, 154 
568.889954, 126 
568.895996, 162 
568.902039, 146 
568.908020, 183 
568.914001, 29 
568.919983, 47 
568.926025, 9 
568.931946, 55 
568.937988, 92 
568.943970, 40 
568.950012, 15 
568.956055, 63 
568.961975, 6 
568.968018, 32 
568.973999, 8 
568.979980, 8 
568.985962, 30 
569.004028, 17 
569.010010, 7 
569.015991, 13 
569.022034, 5 
569.033997, 17 
569.039978, 88 
569.046021, 44 
569.064026, 56 
569.070007, 3 
569.075989, 9 
569.081970, 16 
569.088013, 47 
569.093994, 57 
569.100037, 5 
569.105957, 1 
569.130005, 27 
569.142029, 1 
569.159973, 5 
569.166016, 18 
569.171997, 43 
569.177979, 10 
569.184021, 3 
569.190002, 16 
569.213989, 3 
569.219971, 5 
569.231995, 7 
569.238037, 10 
569.244019, 32 
569.250000, 13 
569.255981, 49 
569.273987, 16 
569.280029, 8 
569.309998, 8 
569.315979, 1 
569.328003, 1 
569.334045, 2 
569.358032, 9 
569.411987, 1 
569.436035, 7 
569.441956, 16 
569.447998, 1 
569.454041, 2 
569.484009, 3 
569.502014, 4 
569.513977, 5 
569.580017, 6 
569.640015, 1 
569.664001, 1 
569.724060, 6 
569.747986, 52 
569.760010, 1 
569.820007, 12 
569.825989, 5 
569.916016, 1 
569.921997, 40 
569.927979, 26 
569.939941, 4 
569.945984, 14 
569.952026, 1 
569.958008, 1 
580.872009, 4 
581.022034, 1 
585.101990, 1 
587.057983, 1 
587.441956, 1 
587.838013, 1 
588.479980, 1 
589.014038, 8 
589.331970, 4 
589.481995, 1 
589.512024, 3 
589.679993, 1 
594.822021, 10 
595.091980, 4 
595.409973, 1 
595.446045, 2 
595.500061, 1 
598.854004, 2 
598.973999, 4 
599.027954, 10 
599.166016, 5 
599.231995, 5 
599.238037, 16 
599.304016, 1 
599.328003, 2 
599.351990, 2 
599.400024, 1 
599.441956, 1 
599.447998, 14 
599.484009, 8 
599.507996, 17 
599.603943, 3 
599.814026, 3 
599.820007, 3 
599.868042, 10 
599.945984, 1 
609.203979, 1 
609.222046, 1 
615.288025, 1 
721.859985, 2 
722.022034, 2 
722.028015, 2 
722.118042, 2 
722.135986, 2 
722.177979, 2 
722.184021, 3 
722.243958, 3 
722.304016, 6 
722.351990, 1 
722.364014, 8 
722.375977, 2 
722.382019, 4 
722.393982, 7 
722.412048, 7 
722.429993, 1 
722.435974, 3 
722.502014, 3 
722.508057, 1 
722.526001, 3 
722.616028, 1 
722.711975, 1 
722.723938, 15 
722.753967, 1 
722.783997, 5 
722.838013, 1 
722.862000, 13 
722.945984, 5 
723.462036, 1 
723.486023, 15 
723.702026, 14 
723.761963, 1 
723.935974, 2 
724.284058, 3 
735.036011, 8 
735.041992, 4 
735.047974, 3 
735.059998, 1 
735.065979, 1 
735.072021, 10 
735.084045, 20 
735.107971, 1 
735.114014, 17 
735.119995, 2 
735.126038, 5 
735.161987, 10 
735.168030, 5 
735.174011, 45 
735.180054, 11 
735.192017, 4 
735.197998, 7 
735.209961, 15 
735.222046, 9 
735.239990, 7 
735.246033, 3 
735.263977, 3 
735.270020, 1 
735.276062, 1 
735.299988, 4 
735.305969, 4 
735.329956, 2 
735.335999, 3 
735.342041, 4 
735.354004, 9 
735.420044, 1 
735.432007, 3 
735.437988, 17 
735.455994, 1 
735.462036, 25 
735.468018, 4 
735.516052, 3 
735.521973, 7 
735.528015, 13 
735.558044, 8 
735.570007, 4 
735.575989, 2 
735.582031, 8 
735.587952, 4 
735.606018, 27 
735.617981, 1 
735.624023, 35 
735.630005, 9 
735.635986, 1 
735.695984, 4 
735.713989, 23 
735.737976, 32 
735.750000, 4 
735.761963, 9 
735.768005, 19 
735.791992, 4 
735.809998, 1 
735.833984, 4 
735.840027, 4 
735.906006, 5 
736.056030, 4 
736.115967, 2 
738.995972, 7 
739.002014, 37 
739.007996, 82 
739.014038, 334 
739.020020, 523 
739.026001, 529 
739.031982, 482 
739.038025, 301 
739.043945, 174 
739.049988, 174 
739.056030, 230 
739.062012, 478 
739.068054, 524 
739.073975, 544 
739.080017, 502 
739.085999, 213 
739.091980, 199 
739.097961, 67 
739.104004, 111 
739.110046, 239 
739.116028, 518 
739.122009, 497 
739.127991, 308 
739.134033, 199 
739.139954, 106 
739.145996, 240 
739.151978, 170 
739.158020, 303 
739.164062, 445 
739.169983, 500 
739.176025, 236 
739.182007, 181 
739.187988, 209 
739.193970, 280 
739.200012, 192 
739.205994, 222 
739.212036, 456 
739.217957, 285 
739.223999, 153 
739.230042, 175 
739.235962, 52 
739.242004, 155 
739.247986, 169 
739.254028, 455 
739.260010, 458 
739.265991, 290 
739.271973, 205 
739.278015, 126 
739.283997, 171 
739.289978, 275 
739.296021, 443 
739.302002, 426 
739.308044, 351 
739.313965, 178 
739.320007, 185 
739.325989, 241 
739.331970, 215 
739.338013, 177 
739.343994, 447 
739.350037, 478 
739.356018, 295 
739.362000, 165 
739.367981, 186 
739.374023, 182 
739.379944, 277 
739.385986, 429 
739.392029, 472 
739.398010, 246 
739.404053, 156 
739.409973, 179 
739.416016, 257 
739.421997, 190 
739.427979, 135 
739.433960, 429 
739.440002, 508 
739.446045, 372 
739.452026, 194 
739.458008, 121 
739.463989, 209 
739.470032, 146 
739.475952, 379 
739.481995, 377 
739.487976, 334 
739.494019, 126 
739.500061, 31 
739.505981, 168 
739.512024, 298 
739.518005, 299 
739.523987, 475 
739.529968, 498 
739.536011, 288 
739.541992, 146 
739.548035, 170 
739.553955, 264 
739.559998, 513 
739.566040, 456 
739.571960, 513 
739.578003, 418 
739.583984, 350 
739.590027, 220 
739.596008, 263 
739.601990, 381 
739.607971, 504 
739.614014, 516 
739.619995, 540 
739.625977, 471 
739.632019, 256 
739.638000, 172 
739.644043, 480 
739.649963, 549 
739.656006, 548 
739.661987, 546 
739.667969, 371 
739.674011, 260 
739.679993, 167 
739.686035, 206 
739.692017, 450 
739.697998, 552 
739.703979, 525 
739.710022, 497 
739.715942, 353 
739.721985, 311 
739.728027, 210 
739.734009, 242 
739.740051, 349 
739.745972, 366 
739.752014, 425 
739.757996, 434 
739.763977, 304 
739.769958, 205 
739.776001, 137 
739.782043, 133 
739.788025, 101 
739.794006, 450 
739.799988, 509 
739.806030, 367 
739.811951, 202 
739.817993, 152 
739.823975, 206 
739.830017, 362 
739.836060, 248 
739.841980, 357 
739.848022, 299 
739.854004, 143 
739.859985, 159 
739.865967, 239 
739.872009, 43 
739.877991, 66 
739.884033, 541 
739.889954, 539 
739.895996, 453 
739.902039, 193 
739.907959, 186 
739.914001, 202 
739.919983, 286 
739.926025, 439 
739.932007, 492 
739.937988, 342 
739.943970, 122 
739.950012, 147 
739.955994, 155 
739.961975, 223 
739.968018, 330 
739.973999, 274 
739.980042, 493 
739.985962, 430 
739.992004, 198 
739.997986, 178 
740.003967, 211 
740.010010, 257 
740.015991, 305 
740.022034, 381 
740.028015, 326 
740.033997, 107 
740.039978, 91 
740.046021, 148 
740.051941, 61 
740.057983, 286 
740.064026, 486 
740.070007, 545 
740.076050, 246 
740.081970, 131 
740.088013, 92 
740.093994, 219 
740.099976, 214 
740.105957, 261 
740.112000, 453 
740.118042, 397 
740.124023, 209 
740.135986, 33 
740.142029, 59 
740.147949, 98 
740.153992, 428 
740.159973, 493 
740.166016, 293 
740.172058, 5 
740.177979, 133 
740.184021, 10 
740.190002, 96 
740.195984, 316 
740.201965, 454 
740.208008, 432 
740.213989, 196 
740.220032, 77 
740.226013, 88 
740.231995, 53 
740.238037, 33 
740.243958, 346 
740.250000, 451 
740.255981, 328 
740.262024, 139 
740.268005, 66 
740.273987, 42 
740.280029, 21 
740.286011, 373 
740.291992, 476 
740.297974, 441 
740.304016, 173 
740.309998, 5 
740.316040, 2 
740.321960, 91 
740.328003, 211 
740.334045, 440 
740.339966, 486 
740.346008, 387 
740.351990, 181 
740.358032, 63 
740.364014, 26 
740.369995, 280 
740.375977, 305 
740.382019, 412 
740.387939, 328 
740.393982, 168 
740.400024, 146 
740.406006, 126 
740.412048, 141 
740.417969, 147 
740.424011, 419 
740.429993, 550 
740.435974, 437 
740.441956, 140 
740.447998, 121 
740.454041, 131 
740.460022, 128 
740.466003, 204 
740.471985, 512 
740.478027, 531 
740.483948, 250 
740.489990, 93 
740.495972, 20 
740.502014, 79 
740.508057, 137 
740.513977, 402 
740.520020, 531 
740.526001, 504 
740.531982, 173 
740.537964, 117 
740.544006, 32 
740.549988, 143 
740.556030, 324 
740.562012, 516 
740.567993, 427 
740.574036, 146 
740.579956, 134 
740.585999, 196 
740.591980, 165 
740.598022, 231 
740.604004, 255 
740.609985, 419 
740.616028, 461 
740.622009, 164 
740.627991, 160 
740.633972, 147 
740.640015, 187 
740.645996, 272 
740.652039, 504 
740.657959, 512 
740.664001, 228 
740.670044, 89 
740.675964, 65 
740.682007, 93 
740.687988, 196 
740.694031, 368 
740.700012, 422 
740.705994, 227 
740.711975, 139 
740.718018, 106 
740.723938, 72 
740.729980, 192 
740.736023, 317 
740.742004, 324 
740.748047, 428 
740.753967, 258 
740.760010, 127 
740.765991, 144 
740.771973, 146 
740.777954, 417 
740.783997, 466 
740.790039, 519 
740.796021, 402 
740.802002, 182 
740.807983, 187 
740.814026, 203 
740.819946, 284 
740.825989, 276 
740.831970, 471 
740.838013, 310 
740.844055, 192 
740.849976, 134 
740.856018, 57 
740.862000, 186 
740.867981, 205 
740.873962, 332 
740.880005, 489 
740.885986, 438 
740.892029, 186 
740.898010, 40 
740.903992, 104 
740.910034, 150 
740.915955, 292 
740.921997, 467 
740.927979, 366 
740.934021, 294 
740.940002, 147 
740.945984, 166 
740.952026, 142 
740.958008, 6 
740.963989, 178 
740.969971, 482 
740.976013, 341 
740.981995, 189 
740.988037, 233 
740.993958, 237 
741.000000, 269 
741.006042, 458 
741.011963, 442 
741.018005, 524 
741.023987, 386 
741.030029, 173 
741.036011, 84 
741.041992, 187 
741.047974, 425 
741.054016, 361 
741.059998, 467 
741.065979, 443 
741.072021, 208 
741.078003, 79 
741.084045, 84 
741.089966, 162 
741.096008, 415 
741.101990, 519 
741.107971, 518 
741.114014, 287 
741.119995, 112 
741.126038, 118 
741.132019, 253 
741.138000, 378 
741.143982, 470 
741.150024, 494 
741.155945, 483 
741.161987, 135 
741.168030, 1 
741.174011, 78 
741.180054, 257 
741.185974, 387 
741.192017, 537 
741.197998, 570 
741.203979, 456 
741.209961, 254 
741.216003, 134 
741.222046, 315 
741.228027, 423 
741.234009, 511 
741.239990, 553 
741.246033, 438 
741.251953, 188 
741.257996, 166 
741.263977, 204 
741.270020, 258 
741.276062, 514 
741.281982, 536 
741.288025, 517 
741.294006, 235 
741.299988, 78 
741.305969, 107 
741.312012, 257 
741.317993, 404 
741.324036, 530 
741.329956, 485 
741.335999, 185 
741.342041, 125 
741.347961, 67 
741.354004, 193 
741.359985, 30 
741.366028, 205 
741.372009, 401 
741.377991, 562 
741.383972, 350 
741.390015, 8 
741.395996, 11 
741.401978, 6 
741.408020, 121 
741.414001, 350 
741.420044, 524 
741.425964, 458 
741.432007, 159 
741.437988, 16 
741.443970, 48 
741.450012, 135 
741.455994, 262 
741.462036, 547 
741.468018, 446 
741.473999, 200 
741.479980, 72 
741.486023, 108 
741.491943, 26 
741.497986, 322 
741.504028, 491 
741.510010, 524 
741.516052, 423 
741.521973, 164 
741.528015, 122 
741.533997, 7 
741.539978, 2 
741.545959, 160 
741.552002, 496 
741.558044, 462 
741.564026, 222 
741.570007, 134 
741.575989, 80 
741.582031, 110 
741.587952, 13 
741.593994, 403 
741.599976, 437 
741.606018, 363 
741.612061, 145 
741.617981, 24 
741.630005, 13 
741.635986, 92 
741.641968, 401 
741.648010, 471 
741.653992, 149 
741.660034, 20 
741.665955, 16 
741.671997, 11 
741.678040, 117 
741.683960, 229 
741.690002, 297 
741.695984, 348 
741.702026, 169 
741.708008, 73 
741.713989, 30 
741.719971, 15 
741.726013, 160 
741.731995, 304 
741.737976, 160 
741.744019, 178 
741.750000, 45 
741.756042, 5 
741.768005, 27 
741.773987, 131 
741.779968, 98 
741.786011, 128 
741.791992, 79 
741.809998, 74 
741.815979, 114 
741.822021, 69 
741.827942, 111 
741.833984, 26 
741.852051, 20 
741.857971, 9 
741.864014, 152 
741.869995, 164 
741.875977, 105 
741.881958, 48 
741.888000, 9 
741.894043, 7 
741.906006, 18 
741.911987, 137 
741.918030, 153 
741.923950, 40 
741.929993, 2 
741.953979, 58 
741.960022, 211 
741.966003, 130 
741.971985, 45 
741.977966, 11 
741.996033, 33 
742.002014, 154 
742.007996, 70 
742.014038, 90 
742.026001, 4 
742.031982, 5 
742.038025, 9 
742.044006, 136 
742.049988, 113 
742.056030, 93 
742.062012, 50 
742.073975, 5 
742.080017, 1 
742.085999, 24 
742.092041, 95 
742.097961, 98 
742.104004, 33 
742.110046, 6 
742.122009, 6 
742.127991, 29 
742.134033, 18 
742.140015, 124 
742.145996, 72 
742.163940, 16 
742.176025, 9 
742.182007, 92 
742.188049, 118 
742.193970, 61 
742.200012, 1 
742.205994, 21 
742.211975, 59 
742.217957, 13 
742.223999, 50 
742.230042, 112 
742.236023, 97 
742.254028, 8 
742.259949, 27 
742.265991, 47 
742.271973, 123 
742.278015, 51 
742.302002, 3 
742.307983, 32 
742.313965, 47 
742.320007, 122 
742.325989, 36 
742.332031, 1 
742.338013, 2 
742.343994, 19 
742.350037, 12 
742.355957, 2 
742.362000, 20 
742.367981, 104 
742.374023, 87 
742.380005, 3 
742.392029, 20 
742.398010, 26 
742.403992, 2 
742.409973, 24 
742.416016, 32 
742.421997, 2 
742.440002, 30 
742.446045, 13 
742.451965, 109 
742.458008, 124 
742.463989, 75 
742.481995, 1 
742.487976, 12 
742.499939, 9 
742.505981, 41 
742.512024, 23 
742.518005, 40 
742.524048, 44 
742.541992, 38 
742.547974, 92 
742.553955, 17 
742.572021, 10 
742.590027, 5 
742.595947, 1 
742.620056, 2 
742.625977, 5 
742.638000, 34 
742.674011, 9 
742.679993, 21 
742.691956, 33 
742.697998, 40 
742.716003, 1 
742.721985, 22 
742.728027, 57 
742.734009, 16 
742.739990, 5 
742.769958, 7 
742.776001, 29 
742.794006, 19 
742.799988, 58 
742.817993, 37 
742.823975, 5 
742.854004, 14 
742.860046, 26 
742.865967, 57 
742.902039, 16 
742.914001, 8 
742.956055, 29 
742.961975, 16 
742.992004, 17 
742.997986, 27 
743.004028, 33 
743.033997, 6 
743.046021, 4 
743.070007, 6 
743.075989, 27 
743.081970, 25 
743.130005, 2 
743.135986, 26 
743.142029, 4 
743.177979, 27 
743.213989, 12 
743.219971, 5 
743.231995, 26 
743.255981, 1 
743.262024, 45 
743.267944, 14 
743.273987, 8 
743.292053, 14 
743.297974, 9 
743.309998, 4 
743.315979, 7 
743.321960, 30 
743.328003, 20 
743.334045, 2 
743.340027, 101 
743.346008, 62 
743.358032, 4 
743.382019, 30 
743.388062, 11 
743.393982, 44 
743.400024, 84 
743.406006, 34 
743.411987, 11 
743.429993, 19 
743.436035, 2 
743.441956, 4 
743.447998, 77 
743.454041, 18 
743.459961, 57 
743.471985, 3 
743.478027, 36 
743.484009, 12 
743.495972, 22 
743.502014, 7 
743.544006, 21 
743.549988, 44 
743.555969, 42 
743.567993, 4 
743.574036, 4 
743.580017, 14 
743.591980, 9 
743.598022, 20 
743.603943, 6 
743.633972, 14 
743.645996, 58 
743.651978, 9 
743.682007, 3 
743.694031, 9 
743.718018, 12 
743.724060, 46 
743.729980, 65 
743.736023, 46 
743.760010, 1 
743.772034, 14 
743.777954, 15 
743.783997, 6 
743.825989, 15 
743.856018, 4 
743.862000, 25 
743.873962, 17 
743.880005, 7 
743.898010, 12 
743.903992, 2 
743.910034, 1 
743.916016, 35 
743.921997, 3 
743.952026, 12 
744.000000, 9 
744.006042, 10 
744.012024, 15 
744.030029, 2 
744.138000, 1 
744.156006, 100 
744.317993, 2 
744.408020, 25 
744.444031, 2 
744.455994, 6 
744.497986, 1 
744.504028, 3 
744.515991, 6 
744.540039, 1 
744.563965, 4 
744.606018, 51 
744.624023, 5 
744.653992, 25 
744.695984, 59 
744.702026, 9 
744.786011, 78 
744.791992, 18 
744.798035, 10 
744.833984, 31 
744.851990, 1 
744.918030, 32 
744.924011, 17 
744.929993, 3 
744.966003, 29 
744.972046, 10 
744.977966, 11 
745.014038, 55 
745.020020, 5 
745.056030, 16 
745.104004, 4 
745.187988, 1 
745.193970, 42 
745.200012, 25 
745.205994, 27 
745.212036, 63 
745.217957, 37 
745.223999, 24 
745.230042, 55 
745.235962, 98 
745.242004, 95 
745.247986, 49 
745.254028, 32 
745.260010, 78 
745.265991, 2 
745.271973, 11 
745.278015, 91 
745.283997, 127 
745.289978, 68 
745.296021, 69 
745.302002, 73 
745.308044, 7 
745.320007, 104 
745.325989, 85 
745.331970, 144 
745.338013, 84 
745.343994, 35 
745.350037, 76 
745.356018, 15 
745.362000, 3 
745.367981, 44 
745.374023, 64 
745.379944, 25 
745.385986, 27 
745.392029, 8 
745.398010, 10 
745.404053, 3 
745.409973, 80 
745.416016, 71 
745.421997, 43 
745.427979, 18 
745.452026, 6 
745.458008, 11 
745.463989, 94 
745.470032, 38 
745.475952, 130 
745.481995, 94 
745.487976, 9 
745.494019, 1 
745.500061, 15 
745.505981, 25 
745.512024, 67 
745.518005, 75 
745.523987, 51 
745.529968, 1 
745.548035, 54 
745.553955, 54 
745.559998, 107 
745.566040, 78 
745.571960, 76 
745.578003, 30 
745.583984, 8 
745.590027, 26 
745.596008, 136 
745.601990, 97 
745.607971, 41 
745.614014, 21 
745.619995, 1 
745.625977, 21 
745.632019, 81 
745.638000, 165 
745.644043, 163 
745.649963, 42 
745.656006, 56 
745.661987, 23 
745.667969, 4 
745.679993, 19 
745.686035, 34 
745.692017, 70 
745.697998, 40 
745.703979, 97 
745.710022, 4 
745.721985, 27 
745.728027, 56 
745.734009, 77 
745.740051, 129 
745.745972, 4 
745.752014, 20 
745.763977, 9 
745.769958, 17 
745.776001, 15 
745.782043, 40 
745.788025, 48 
745.794006, 5 
745.799988, 18 
745.806030, 9 
745.811951, 19 
745.817993, 77 
745.823975, 31 
745.836060, 4 
745.841980, 46 
745.848022, 21 
745.854004, 1 
745.859985, 36 
745.872009, 23 
745.877991, 25 
745.884033, 22 
745.889954, 5 
745.902039, 11 
745.907959, 23 
745.919983, 25 
745.926025, 56 
745.932007, 45 
745.937988, 25 
745.950012, 11 
745.955994, 46 
745.992004, 3 
745.997986, 19 
746.003967, 24 
746.010010, 17 
746.015991, 4 
746.022034, 12 
746.028015, 6 
746.033997, 7 
746.046021, 14 
746.051941, 27 
746.057983, 30 
746.064026, 52 
746.070007, 39 
746.088013, 58 
746.093994, 64 
746.099976, 9 
746.112000, 118 
746.118042, 16 
746.124023, 2 
746.135986, 2 
746.142029, 31 
746.147949, 23 
746.153992, 14 
746.159973, 7 
746.184021, 33 
746.190002, 17 
746.195984, 5 
746.208008, 17 
746.213989, 19 
746.226013, 32 
746.231995, 36 
746.238037, 26 
746.243958, 17 
746.250000, 4 
746.255981, 31 
746.262024, 5 
746.268005, 3 
746.273987, 7 
746.280029, 13 
746.286011, 13 
747.047974, 12 
747.054016, 20 
747.059998, 45 
747.065979, 2 
747.114014, 1 
747.132019, 16 
747.143982, 4 
747.150024, 8 
747.185974, 42 
747.222046, 14 
747.239990, 21 
747.263977, 21 
747.270020, 7 
747.288025, 1 
747.329956, 21 
747.335999, 20 
747.342041, 12 
747.354004, 1 
747.359985, 1 
747.390015, 1 
747.437988, 10 
747.443970, 78 
747.450012, 62 
747.468018, 30 
747.510010, 2 
747.521973, 1 
747.552002, 2 
747.599976, 5 
747.702026, 24 
747.731995, 23 
747.737976, 10 
747.744019, 35 
747.761963, 8 
747.768005, 7 
747.786011, 16 
747.815979, 1 
747.833984, 2 
747.911987, 3 
748.002014, 6 
748.031982, 3 
748.038025, 1 
748.044006, 2 
748.056030, 69 
748.062012, 23 
748.073975, 25 
748.092041, 1 
748.140015, 43 
748.188049, 3 
748.193970, 2 
748.236023, 10 
748.271973, 1 
748.278015, 2 
748.367981, 4 
748.440002, 1 
748.458008, 10 
748.536011, 2 
748.547974, 2 
748.553955, 10 
748.691956, 1 
748.776001, 1 
749.004028, 4 
749.057983, 7 
749.064026, 8 
749.196045, 6 
749.286011, 20 
749.292053, 1 
749.321960, 6 
749.328003, 2 
749.363953, 3 
749.388062, 1 
749.400024, 13 
749.447998, 2 
749.454041, 32 
749.489990, 73 
749.495972, 8 
749.502014, 13 
749.537964, 2 
749.580017, 13 
749.585999, 12 
749.591980, 2 
749.598022, 9 
749.603943, 5 
749.609985, 46 
749.616028, 32 
749.622009, 25 
749.633972, 56 
749.640015, 16 
749.657959, 2 
749.670044, 2 
749.676025, 18 
749.682007, 4 
749.705994, 26 
749.711975, 53 
749.736023, 1 
749.765991, 17 
749.939941, 10 
751.043945, 1 
751.127991, 6 
751.134033, 1 
751.260010, 1 
751.523987, 1 
751.854004, 4 
752.711975, 2 
752.796021, 8 
753.150024, 12 
753.168030, 1 
753.174011, 15 
753.192017, 2 
753.312012, 1 
753.377991, 1 
753.383972, 3 
753.564026, 21 
753.570007, 10 
753.660034, 5 
753.881958, 1 
753.888000, 1 
754.200012, 1 
754.380005, 1 
754.961975, 2 
754.968018, 4 
754.979980, 4 
755.964050, 2 
760.205994, 6 
760.385986, 4 
760.398010, 4 
760.529968, 2 
760.578003, 3 
760.614014, 8 
760.656006, 57 
760.661987, 52 
760.697998, 17 
760.703979, 40 
760.710022, 2 
760.716003, 4 
760.739990, 15 
760.757996, 5 
760.835938, 39 
760.841980, 15 
760.848022, 3 
760.854004, 2 
760.883972, 13 
760.889954, 21 
760.931946, 23 
760.937988, 44 
760.956055, 3 
760.961975, 4 
760.973999, 45 
760.979980, 10 
760.985962, 17 
761.010010, 31 
761.022034, 101 
761.027954, 1 
761.033997, 1 
761.052002, 14 
761.057983, 1 
761.064026, 14 
761.070007, 62 
761.075989, 26 
761.088013, 13 
761.093994, 2 
761.100037, 4 
761.105957, 211 
761.112000, 128 
761.118042, 4 
761.130005, 1 
761.148010, 14 
761.153992, 55 
761.159973, 70 
761.166016, 28 
761.171997, 56 
761.177979, 45 
761.184021, 17 
761.201965, 38 
761.208008, 26 
761.213989, 68 
761.231995, 6 
761.238037, 39 
761.244019, 217 
761.250000, 128 
761.255981, 85 
761.262024, 6 
761.280029, 18 
761.286011, 154 
761.292053, 65 
761.297974, 200 
761.304016, 15 
761.315979, 3 
761.321960, 6 
761.328003, 38 
761.334045, 139 
761.340027, 29 
761.346008, 74 
761.351990, 1 
761.363953, 2 
761.369995, 10 
761.375977, 20 
761.382019, 269 
761.388062, 225 
761.393982, 14 
761.411987, 1 
761.424011, 66 
761.429993, 101 
761.436035, 19 
761.454041, 2 
761.459961, 19 
761.466003, 72 
761.471985, 103 
761.478027, 33 
761.484009, 56 
761.489990, 37 
761.507996, 2 
761.513977, 35 
761.520020, 4 
761.526001, 19 
761.532043, 5 
761.537964, 8 
761.544006, 19 
761.549988, 53 
761.555969, 1 
761.562012, 85 
761.567993, 5 
761.574036, 59 
761.585999, 7 
761.591980, 73 
761.598022, 18 
761.603943, 131 
761.609985, 250 
761.616028, 120 
761.622009, 5 
761.628052, 25 
761.640015, 18 
761.645996, 33 
761.651978, 32 
761.657959, 45 
761.687988, 1 
761.694031, 59 
761.699951, 81 
761.705994, 10 
761.711975, 43 
761.724060, 6 
761.729980, 1 
761.736023, 4 
761.742004, 19 
761.747986, 107 
761.753967, 2 
761.772034, 15 
761.777954, 16 
761.783997, 41 
761.790039, 51 
761.795959, 56 
761.807983, 14 
761.825989, 59 
761.831970, 100 
761.838013, 72 
761.843994, 2 
761.868042, 1 
761.873962, 235 
761.880005, 121 
761.885986, 6 
761.891968, 3 
761.898010, 5 
761.903992, 18 
761.916016, 53 
761.921997, 137 
761.927979, 97 
761.958008, 2 
761.964050, 112 
761.969971, 40 
761.976013, 7 
761.981995, 6 
761.987976, 5 
762.000000, 4 
762.006042, 44 
762.012024, 46 
762.018005, 154 
762.023987, 40 
762.030029, 1 
762.035950, 44 
762.054016, 40 
762.060059, 110 
762.065979, 9 
762.072021, 17 
762.078003, 3 
762.083984, 9 
762.089966, 76 
762.096008, 203 
762.101990, 87 
762.108032, 124 
762.114014, 32 
762.119995, 17 
762.126038, 21 
762.131958, 21 
762.138000, 90 
762.143982, 41 
762.150024, 22 
762.156006, 80 
762.161987, 2 
762.174011, 23 
762.179993, 62 
762.185974, 284 
762.192017, 266 
762.197998, 175 
762.204041, 145 
762.209961, 8 
762.222046, 79 
762.227966, 79 
762.234009, 52 
762.239990, 139 
762.246033, 110 
762.257996, 13 
762.263977, 21 
762.270020, 61 
762.275940, 25 
762.281982, 165 
762.288025, 5 
762.294006, 27 
762.312012, 9 
762.317993, 11 
762.323975, 48 
762.329956, 48 
762.335999, 140 
762.342041, 29 
762.348022, 62 
762.354004, 36 
762.359985, 107 
762.366028, 162 
762.371948, 240 
762.377991, 212 
762.383972, 168 
762.390015, 83 
762.396057, 12 
762.401978, 113 
762.408020, 30 
762.414001, 155 
762.419983, 297 
762.425964, 104 
762.437988, 2 
762.444031, 92 
762.450012, 59 
762.455994, 64 
762.462036, 191 
762.467957, 117 
762.473999, 2 
762.492004, 7 
762.504028, 59 
762.510010, 173 
762.515991, 238 
762.521973, 80 
762.528015, 18 
762.533997, 47 
762.540039, 147 
762.545959, 76 
762.552002, 237 
762.558044, 207 
762.563965, 88 
762.570007, 55 
762.575989, 55 
762.588013, 70 
762.593994, 134 
762.599976, 178 
762.606018, 50 
762.611938, 47 
762.624023, 6 
762.630005, 74 
762.636047, 176 
762.641968, 175 
762.648010, 379 
762.653992, 138 
762.659973, 14 
762.671997, 2 
762.678040, 67 
762.684021, 125 
762.690002, 166 
762.695984, 218 
762.702026, 19 
762.713989, 30 
762.719971, 110 
762.726013, 72 
762.732056, 287 
762.737976, 258 
762.744019, 143 
762.755981, 8 
762.761963, 96 
762.768005, 58 
762.773987, 121 
762.780029, 84 
762.786011, 91 
762.791992, 74 
762.798035, 65 
762.803955, 48 
762.815979, 38 
762.822021, 212 
762.828003, 216 
762.833984, 80 
762.846008, 46 
762.851990, 37 
762.857971, 50 
762.864014, 145 
762.869995, 121 
762.876038, 78 
762.881958, 46 
762.894043, 6 
762.906006, 159 
762.911987, 157 
762.918030, 127 
762.924011, 73 
762.942017, 19 
762.947998, 9 
762.953979, 160 
762.960022, 42 
762.966003, 121 
762.972046, 3 
762.989990, 8 
762.995972, 40 
763.002014, 67 
763.007996, 15 
763.014038, 1 
763.020020, 10 
763.031982, 34 
763.038025, 75 
763.043945, 88 
763.049988, 149 
763.056030, 43 
763.062012, 91 
763.068054, 87 
763.073975, 24 
763.080017, 111 
763.085999, 58 
763.091980, 17 
763.097961, 60 
763.104004, 78 
763.110046, 109 
763.116028, 10 
763.122009, 112 
763.127991, 128 
763.134033, 53 
763.139954, 242 
763.145996, 256 
763.151978, 14 
763.158020, 90 
763.164062, 28 
763.169983, 8 
763.176025, 35 
763.182007, 104 
763.187988, 122 
763.193970, 166 
763.200012, 57 
763.205994, 23 
763.212036, 50 
763.217957, 22 
763.223999, 3 
763.235962, 34 
763.260010, 36 
763.265991, 7 
763.271973, 73 
763.278015, 170 
763.283997, 119 
763.289978, 114 
763.296021, 98 
763.302002, 102 
763.308044, 70 
763.313965, 104 
763.320007, 109 
763.325989, 63 
763.331970, 31 
763.338013, 24 
763.350037, 9 
763.356018, 57 
763.362000, 105 
763.367981, 142 
763.374023, 173 
763.379944, 88 
763.385986, 30 
763.392029, 3 
763.398010, 31 
763.404053, 128 
763.409973, 275 
763.416016, 189 
763.421997, 224 
763.427979, 44 
763.433960, 74 
763.440002, 122 
763.446045, 110 
763.452026, 218 
763.458008, 96 
763.463989, 97 
763.470032, 1 
763.481995, 50 
763.487976, 20 
763.494019, 58 
763.500061, 39 
763.505981, 149 
763.512024, 31 
763.518005, 35 
763.529968, 6 
763.536011, 12 
763.541992, 27 
763.559998, 70 
763.566040, 97 
763.571960, 19 
763.578003, 1 
763.583984, 8 
763.590027, 101 
763.596008, 58 
763.601990, 94 
763.607971, 60 
763.614014, 47 
763.619995, 19 
763.632019, 75 
763.638000, 58 
763.644043, 102 
763.649963, 74 
763.656006, 128 
763.661987, 78 
763.667969, 37 
763.674011, 44 
763.679993, 11 
763.692017, 77 
763.697998, 113 
763.703979, 27 
763.710022, 52 
763.715942, 25 
763.721985, 84 
763.728027, 69 
763.734009, 122 
763.740051, 85 
763.745972, 42 
763.752014, 89 
763.757996, 4 
763.763977, 3 
763.769958, 82 
763.776001, 81 
763.782043, 96 
763.788025, 107 
763.811951, 122 
763.817993, 38 
763.823975, 82 
763.830017, 2 
763.836060, 181 
763.841980, 72 
763.848022, 72 
763.854004, 78 
763.865967, 4 
763.872009, 23 
763.877991, 24 
763.884033, 3 
763.889954, 54 
763.895996, 55 
763.902039, 140 
763.907959, 126 
763.914001, 82 
763.919983, 118 
763.926025, 54 
763.937988, 3 
763.943970, 28 
763.950012, 18 
763.955994, 4 
763.961975, 21 
763.973999, 21 
763.980042, 28 
763.985962, 1 
763.992004, 7 
763.997986, 56 
764.003967, 72 
764.010010, 21 
764.015991, 79 
764.022034, 19 
764.028015, 1 
764.033997, 106 
764.039978, 4 
764.046021, 18 
764.051941, 140 
764.057983, 93 
764.064026, 56 
764.070007, 47 
764.076050, 2 
764.081970, 8 
764.088013, 6 
764.093994, 51 
764.099976, 15 
764.105957, 1 
764.118042, 19 
764.135986, 62 
764.142029, 37 
764.147949, 35 
764.153992, 17 
764.159973, 8 
764.172058, 7 
764.177979, 73 
764.190002, 18 
764.195984, 19 
764.201965, 4 
764.208008, 3 
764.226013, 67 
764.231995, 2 
764.238037, 102 
764.243958, 35 
764.268005, 10 
764.273987, 21 
764.286011, 28 
764.304016, 1 
764.309998, 9 
764.316040, 20 
764.321960, 274 
764.328003, 300 
764.334045, 53 
764.339966, 1 
764.346008, 1 
764.358032, 23 
764.364014, 16 
764.417969, 3 
764.424011, 72 
764.429993, 13 
764.441956, 40 
764.447998, 40 
764.454041, 131 
764.460022, 1 
764.466003, 30 
764.471985, 59 
764.478027, 4 
764.495972, 7 
764.502014, 79 
764.508057, 57 
764.513977, 5 
764.520020, 33 
764.537964, 32 
764.544006, 108 
764.549988, 202 
764.556030, 81 
764.562012, 107 
764.567993, 19 
764.574036, 6 
764.579956, 124 
764.585999, 147 
764.591980, 24 
764.598022, 93 
764.604004, 156 
764.609985, 104 
764.616028, 6 
764.622009, 2 
764.627991, 132 
764.633972, 61 
764.640015, 28 
764.645996, 27 
764.652039, 30 
764.670044, 62 
764.675964, 50 
764.682007, 106 
764.687988, 228 
764.694031, 79 
764.700012, 111 
764.705994, 6 
764.711975, 134 
764.718018, 157 
764.723938, 162 
764.729980, 171 
764.736023, 33 
764.742004, 19 
764.748047, 9 
764.753967, 35 
764.760010, 166 
764.765991, 175 
764.771973, 203 
764.777954, 144 
764.783997, 254 
764.790039, 111 
764.796021, 65 
764.802002, 74 
764.807983, 177 
764.814026, 208 
764.819946, 108 
764.825989, 214 
764.831970, 165 
764.844055, 48 
764.849976, 74 
764.856018, 144 
764.862000, 108 
764.867981, 276 
764.873962, 160 
764.880005, 43 
764.892029, 75 
764.898010, 155 
764.903992, 197 
764.910034, 195 
764.915955, 272 
764.921997, 147 
764.927979, 14 
764.934021, 16 
764.945984, 97 
764.952026, 158 
764.958008, 267 
764.963989, 130 
764.969971, 31 
764.981995, 9 
764.988037, 160 
764.993958, 309 
765.000000, 253 
765.006042, 153 
765.011963, 100 
765.018005, 65 
765.023987, 78 
765.030029, 71 
765.036011, 209 
765.041992, 144 
765.047974, 170 
765.059998, 18 
765.065979, 4 
765.072021, 40 
765.078003, 94 
765.084045, 170 
765.089966, 134 
765.096008, 92 
765.101990, 74 
765.107971, 1 
765.114014, 21 
765.119995, 27 
765.126038, 207 
765.132019, 193 
765.138000, 204 
765.143982, 123 
765.150024, 39 
765.155945, 17 
765.161987, 4 
765.168030, 36 
765.174011, 40 
765.180054, 158 
765.185974, 114 
765.192017, 20 
765.197998, 17 
765.203979, 10 
765.209961, 81 
765.216003, 70 
765.222046, 149 
765.228027, 124 
765.234009, 60 
765.239990, 35 
765.246033, 1 
765.257996, 51 
765.263977, 172 
765.270020, 177 
765.276062, 157 
765.281982, 114 
765.288025, 57 
765.294006, 38 
765.299988, 25 
765.305969, 22 
765.312012, 155 
765.317993, 235 
765.324036, 35 
765.329956, 59 
765.342041, 56 
765.347961, 78 
765.354004, 168 
765.359985, 155 
765.366028, 179 
765.372009, 145 
765.377991, 51 
765.390015, 11 
765.395996, 240 
765.401978, 187 
765.408020, 180 
765.414001, 190 
765.420044, 96 
765.432007, 18 
765.437988, 51 
765.443970, 94 
765.450012, 182 
765.455994, 135 
765.462036, 86 
765.468018, 15 
765.473999, 47 
765.479980, 18 
765.486023, 27 
765.491943, 81 
765.497986, 156 
765.504028, 61 
765.510010, 8 
765.516052, 35 
765.528015, 7 
765.533997, 16 
765.539978, 23 
765.545959, 79 
765.552002, 100 
765.558044, 1 
765.570007, 54 
765.582031, 31 
765.587952, 1 
765.593994, 73 
765.599976, 111 
765.606018, 5 
765.612061, 21 
765.617981, 65 
765.624023, 70 
765.630005, 168 
765.635986, 142 
765.641968, 95 
765.648010, 1 
765.653992, 4 
765.665955, 90 
765.671997, 111 
765.678040, 184 
765.683960, 127 
765.690002, 37 
765.702026, 5 
765.708008, 45 
765.713989, 38 
765.719971, 39 
765.726013, 14 
765.731995, 80 
765.737976, 59 
765.750000, 5 
765.756042, 98 
765.761963, 81 
765.768005, 171 
765.773987, 144 
765.779968, 69 
765.786011, 17 
765.791992, 24 
765.798035, 99 
765.804016, 93 
765.809998, 126 
765.815979, 166 
765.822021, 119 
765.827942, 85 
765.840027, 17 
765.846008, 46 
765.852051, 209 
765.857971, 246 
765.864014, 166 
765.869995, 147 
765.875977, 19 
765.881958, 64 
765.888000, 106 
765.894043, 253 
765.900024, 145 
765.906006, 107 
765.911987, 23 
765.918030, 24 
765.929993, 3 
765.935974, 90 
765.942017, 59 
765.948059, 277 
765.953979, 239 
765.960022, 49 
765.966003, 29 
765.971985, 29 
765.977966, 4 
765.984009, 112 
765.989990, 194 
765.996033, 155 
766.002014, 1 
766.019958, 81 
766.026001, 49 
766.031982, 64 
766.038025, 174 
766.044006, 66 
766.049988, 71 
766.056030, 112 
766.062012, 71 
766.067993, 124 
766.073975, 91 
766.080017, 93 
766.085999, 115 
766.092041, 48 
766.097961, 116 
766.104004, 79 
766.110046, 12 
766.115967, 6 
766.122009, 288 
766.127991, 348 
766.134033, 260 
766.140015, 109 
766.145996, 9 
766.158020, 95 
766.163940, 268 
766.169983, 348 
766.176025, 170 
766.182007, 40 
766.188049, 5 
766.193970, 13 
766.205994, 134 
766.211975, 190 
766.217957, 273 
766.223999, 230 
766.230042, 149 
766.236023, 37 
766.242004, 137 
766.247986, 123 
766.254028, 273 
766.259949, 142 
766.265991, 37 
766.271973, 117 
766.278015, 123 
766.284058, 62 
766.289978, 145 
766.296021, 145 
766.302002, 174 
766.307983, 270 
766.313965, 160 
766.320007, 128 
766.325989, 23 
766.332031, 2 
766.338013, 12 
766.343994, 113 
766.350037, 337 
766.355957, 213 
766.362000, 182 
766.367981, 79 
766.374023, 15 
766.380005, 71 
766.385986, 110 
766.392029, 45 
766.398010, 125 
766.403992, 172 
766.409973, 129 
766.416016, 21 
766.421997, 2 
766.428040, 2 
766.433960, 124 
766.440002, 82 
766.446045, 55 
766.451965, 63 
766.458008, 22 
766.470032, 22 
766.476013, 170 
766.481995, 192 
766.487976, 275 
766.494019, 138 
766.499939, 38 
766.505981, 16 
766.518005, 11 
766.524048, 17 
766.529968, 262 
766.536011, 260 
766.541992, 177 
766.547974, 76 
766.553955, 7 
766.566040, 43 
766.572021, 132 
766.578003, 193 
766.583984, 140 
766.590027, 158 
766.595947, 36 
766.601990, 19 
766.614014, 57 
766.620056, 181 
766.625977, 246 
766.632019, 116 
766.638000, 91 
766.643982, 35 
766.649963, 21 
766.656006, 84 
766.661987, 123 
766.668030, 236 
766.674011, 104 
766.679993, 98 
766.686035, 24 
766.691956, 56 
766.697998, 16 
766.703979, 35 
766.710022, 149 
766.716003, 216 
766.721985, 2 
766.728027, 93 
766.734009, 14 
766.739990, 30 
766.745972, 190 
766.752014, 282 
766.757996, 149 
766.764038, 154 
766.769958, 53 
766.776001, 44 
766.782043, 66 
766.787964, 173 
766.794006, 83 
766.799988, 172 
766.806030, 207 
766.812012, 121 
766.817993, 57 
766.823975, 22 
766.830017, 33 
766.835938, 86 
766.841980, 205 
766.848022, 277 
766.854004, 151 
766.860046, 74 
766.865967, 22 
766.872009, 50 
766.877991, 208 
766.883972, 267 
766.889954, 225 
766.895996, 137 
766.902039, 119 
766.908020, 136 
766.914001, 137 
766.919983, 89 
766.926025, 240 
766.931946, 145 
766.937988, 355 
766.943970, 288 
766.950012, 228 
766.956055, 219 
766.961975, 178 
766.968018, 222 
766.973999, 296 
766.979980, 266 
766.985962, 237 
766.992004, 174 
766.997986, 167 
767.004028, 127 
767.010010, 78 
767.015991, 245 
767.022034, 226 
767.027954, 131 
767.033997, 207 
767.039978, 200 
767.046021, 191 
767.052002, 203 
767.057983, 208 
767.064026, 195 
767.070007, 284 
767.075989, 211 
767.081970, 159 
767.088013, 67 
767.093994, 72 
767.100037, 91 
767.105957, 158 
767.112000, 268 
767.118042, 160 
767.123962, 183 
767.130005, 117 
767.135986, 46 
767.142029, 18 
767.148010, 48 
767.153992, 190 
767.159973, 155 
767.166016, 190 
767.171997, 188 
767.177979, 174 
767.184021, 96 
767.190002, 134 
767.196045, 153 
767.201965, 281 
767.208008, 298 
767.213989, 332 
767.219971, 272 
767.226013, 149 
767.231995, 116 
767.238037, 239 
767.244019, 253 
767.250000, 358 
767.255981, 265 
767.262024, 106 
767.267944, 116 
767.273987, 45 
767.280029, 127 
767.286011, 192 
767.292053, 188 
767.297974, 232 
767.304016, 233 
767.309998, 150 
767.315979, 182 
767.321960, 70 
767.328003, 185 
767.334045, 175 
767.340027, 174 
767.346008, 144 
767.351990, 230 
767.358032, 182 
767.363953, 154 
767.369995, 50 
767.375977, 120 
767.382019, 191 
767.388062, 247 
767.393982, 190 
767.400024, 131 
767.406006, 67 
767.417969, 40 
767.424011, 200 
767.429993, 178 
767.436035, 176 
767.441956, 199 
767.447998, 116 
767.454041, 98 
767.459961, 115 
767.466003, 241 
767.471985, 197 
767.478027, 108 
767.484009, 233 
767.489990, 284 
767.495972, 206 
767.502014, 93 
767.507996, 139 
767.513977, 28 
767.520020, 192 
767.526001, 250 
767.532043, 201 
767.537964, 138 
767.544006, 127 
767.549988, 22 
767.555969, 231 
767.562012, 221 
767.567993, 255 
767.574036, 240 
767.580017, 147 
767.585999, 70 
767.591980, 35 
767.598022, 101 
767.603943, 187 
767.609985, 211 
767.616028, 138 
767.622009, 230 
767.628052, 213 
767.633972, 121 
767.640015, 27 
767.645996, 89 
767.651978, 141 
767.657959, 421 
767.664001, 309 
767.670044, 184 
767.676025, 225 
767.682007, 128 
767.687988, 209 
767.694031, 271 
767.699951, 306 
767.705994, 311 
767.711975, 192 
767.718018, 107 
767.724060, 192 
767.729980, 204 
767.736023, 175 
767.742004, 389 
767.747986, 324 
767.753967, 316 
767.760010, 250 
767.765991, 154 
767.772034, 52 
767.777954, 124 
767.783997, 179 
767.790039, 279 
767.795959, 253 
767.802002, 176 
767.807983, 155 
767.814026, 23 
767.820007, 92 
767.825989, 224 
767.831970, 278 
767.838013, 286 
767.843994, 174 
767.849976, 166 
767.856018, 125 
767.862000, 52 
767.868042, 110 
767.873962, 186 
767.880005, 295 
767.885986, 306 
767.891968, 106 
767.898010, 86 
767.903992, 44 
767.910034, 51 
767.916016, 179 
767.921997, 306 
767.927979, 343 
767.934021, 272 
767.939941, 230 
767.945984, 68 
767.952026, 93 
767.958008, 144 
767.964050, 211 
767.969971, 217 
767.976013, 176 
767.981995, 141 
767.987976, 119 
767.993958, 69 
768.000000, 11 
768.006042, 54 
768.012024, 154 
768.018005, 256 
768.023987, 186 
768.030029, 99 
768.035950, 138 
768.041992, 48 
768.054016, 22 
768.060059, 91 
768.078003, 1 
768.083984, 4 
768.096008, 11 
768.150024, 5 
768.156006, 8 
768.161987, 12 
768.185974, 6 
768.192017, 5 
768.197998, 17 
768.204041, 12 
768.209961, 1 
800.406006, 12 
800.412048, 9 
843.864014, 1 
844.007996, 2 
861.846008, 1 
861.960022, 2 
862.031982, 1 
862.097961, 8 
862.205994, 6 
862.211975, 24 
863.148010, 7 
863.201965, 1 
863.555969, 2 
863.802002, 40 
863.862000, 83 
863.868042, 139 
863.873962, 92 
864.012024, 10 
864.018005, 118 
864.023987, 17 
864.174011, 36 
864.179993, 276 
864.185974, 17 
865.362000, 151 
865.367981, 338 
865.374023, 282 
865.416016, 48 
865.421997, 55 
865.427979, 11 
865.440002, 367 
865.446045, 446 
865.452026, 52 
865.638000, 22 
865.644043, 63 
865.649963, 27 
865.692017, 172 
865.697998, 203 
865.703979, 10 
865.799988, 95 
865.806030, 319 
865.811951, 296 
865.817993, 8 
865.889954, 274 
865.895996, 380 
865.902039, 263 
866.147949, 4 
866.417969, 2 
866.466003, 114 
866.471985, 354 
866.478027, 177 
870.179993, 1 
870.185974, 4 
870.294006, 17 
870.300049, 9 
870.558044, 1 
870.653992, 1 
870.750000, 1 
870.989990, 4 
871.127991, 9 
871.134033, 2 
873.006042, 36 
873.011963, 27 
873.018005, 59 
873.023987, 84 
873.030029, 236 
873.036011, 65 
873.041992, 52 
873.047974, 23 
873.054016, 51 
873.059998, 83 
873.065979, 160 
873.072021, 36 
873.078003, 88 
873.084045, 1 
873.089966, 52 
873.096008, 44 
873.101990, 83 
873.107971, 43 
873.114014, 102 
873.119995, 41 
873.126038, 105 
873.132019, 58 
873.138000, 88 
873.143982, 66 
873.150024, 92 
873.155945, 178 
873.161987, 174 
873.168030, 118 
873.174011, 46 
873.180054, 21 
873.185974, 56 
873.192017, 39 
873.197998, 21 
873.203979, 92 
873.209961, 37 
873.216003, 47 
873.222046, 26 
873.228027, 38 
873.234009, 106 
873.239990, 80 
873.246033, 10 
873.251953, 141 
873.257996, 147 
873.263977, 14 
873.270020, 59 
873.276062, 6 
873.281982, 48 
873.288025, 61 
873.294006, 98 
873.299988, 12 
873.305969, 26 
873.312012, 41 
873.317993, 66 
873.324036, 5 
873.329956, 41 
873.335999, 135 
873.342041, 115 
873.347961, 125 
873.354004, 97 
873.366028, 38 
873.377991, 13 
873.383972, 73 
873.390015, 164 
873.395996, 28 
873.401978, 2 
873.408020, 16 
873.414001, 75 
873.420044, 71 
873.425964, 30 
873.432007, 10 
873.437988, 75 
873.443970, 30 
873.450012, 10 
873.455994, 31 
873.462036, 22 
873.468018, 64 
873.473999, 142 
873.479980, 285 
873.486023, 31 
873.491943, 18 
873.497986, 57 
873.504028, 19 
873.510010, 31 
873.516052, 85 
873.521973, 16 
873.528015, 17 
873.533997, 42 
873.552002, 4 
873.558044, 5 
873.564026, 49 
873.570007, 101 
873.575989, 101 
873.582031, 54 
873.587952, 23 
873.599976, 9 
873.606018, 216 
873.612061, 236 
873.617981, 212 
873.624023, 124 
873.630005, 38 
873.641968, 26 
873.648010, 97 
873.653992, 84 
873.660034, 279 
873.665955, 78 
873.690002, 48 
873.695984, 105 
873.702026, 93 
873.708008, 120 
873.713989, 77 
873.719971, 114 
873.726013, 175 
873.731995, 9 
873.737976, 12 
873.744019, 206 
873.750000, 195 
873.756042, 79 
873.761963, 90 
873.768005, 29 
873.773987, 58 
873.779968, 233 
873.786011, 159 
873.791992, 82 
873.798035, 152 
873.804016, 129 
873.809998, 21 
873.815979, 43 
873.822021, 56 
873.827942, 72 
873.833984, 53 
873.840027, 125 
873.846008, 136 
873.852051, 36 
873.857971, 4 
873.864014, 11 
873.869995, 157 
873.875977, 212 
873.881958, 289 
873.888000, 45 
873.894043, 98 
873.900024, 36 
873.906006, 90 
873.911987, 110 
873.918030, 74 
873.923950, 179 
873.929993, 96 
873.935974, 111 
873.942017, 30 
873.948059, 31 
873.953979, 36 
873.960022, 157 
873.966003, 157 
873.971985, 248 
873.977966, 410 
873.984009, 99 
873.989990, 6 
874.002014, 133 
874.007996, 67 
874.014038, 110 
874.019958, 255 
874.026001, 225 
874.038025, 1 
874.044006, 6 
874.049988, 31 
874.056030, 53 
874.062012, 231 
874.067993, 75 
874.073975, 58 
874.080017, 9 
874.085999, 23 
874.092041, 14 
874.097961, 39 
874.104004, 185 
874.110046, 137 
874.115967, 110 
874.122009, 105 
874.127991, 27 
874.134033, 49 
874.140015, 99 
874.145996, 209 
874.151978, 199 
874.158020, 161 
874.163940, 81 
874.169983, 62 
874.176025, 27 
874.182007, 22 
874.188049, 22 
874.193970, 188 
874.200012, 123 
874.205994, 80 
874.211975, 33 
874.217957, 109 
874.223999, 131 
874.230042, 116 
874.236023, 233 
874.242004, 197 
874.247986, 180 
874.254028, 86 
874.259949, 79 
874.265991, 42 
874.271973, 65 
874.278015, 67 
874.284058, 194 
874.289978, 162 
874.296021, 161 
874.302002, 123 
874.307983, 13 
874.313965, 20 
874.320007, 188 
874.325989, 210 
874.332031, 120 
874.338013, 76 
874.343994, 138 
874.350037, 41 
874.355957, 18 
874.362000, 68 
874.367981, 143 
874.374023, 89 
874.380005, 222 
874.385986, 84 
874.392029, 38 
874.398010, 8 
874.403992, 3 
874.409973, 103 
874.416016, 155 
874.421997, 61 
874.428040, 195 
874.433960, 139 
874.440002, 47 
874.446045, 5 
874.451965, 78 
874.458008, 126 
874.463989, 227 
874.470032, 275 
874.476013, 163 
874.481995, 137 
874.487976, 91 
874.494019, 103 
874.499939, 12 
874.505981, 168 
874.512024, 99 
874.518005, 226 
874.524048, 82 
874.529968, 62 
874.536011, 54 
874.541992, 2 
874.547974, 17 
874.553955, 180 
874.559998, 56 
874.566040, 89 
874.572021, 125 
874.578003, 95 
874.583984, 37 
874.590027, 52 
874.595947, 166 
874.601990, 217 
874.607971, 229 
874.614014, 92 
874.620056, 131 
874.625977, 138 
874.632019, 24 
874.638000, 26 
874.643982, 103 
874.649963, 171 
874.656006, 37 
874.661987, 27 
874.668030, 25 
874.674011, 23 
874.679993, 7 
874.686035, 30 
874.691956, 94 
874.697998, 142 
874.703979, 5 
874.710022, 50 
874.716003, 12 
874.721985, 131 
874.728027, 102 
874.734009, 68 
874.739990, 64 
874.745972, 11 
874.752014, 44 
874.757996, 4 
874.764038, 17 
874.769958, 18 
874.776001, 70 
874.782043, 140 
874.787964, 45 
874.794006, 2 
874.799988, 134 
874.806030, 111 
874.812012, 110 
874.817993, 46 
874.823975, 314 
874.830017, 285 
874.835938, 236 
874.841980, 127 
874.848022, 21 
874.854004, 65 
874.860046, 69 
874.865967, 103 
874.872009, 240 
874.877991, 275 
874.883972, 145 
874.889954, 50 
874.895996, 25 
874.902039, 44 
874.908020, 141 
874.914001, 151 
874.919983, 131 
874.926025, 64 
874.931946, 8 
874.937988, 10 
874.950012, 17 
874.956055, 23 
874.961975, 207 
874.968018, 86 
874.973999, 179 
874.979980, 50 
875.010010, 320 
875.015991, 263 
875.022034, 219 
875.027954, 106 
875.033997, 235 
875.039978, 556 
875.046021, 568 
875.052002, 561 
875.057983, 553 
875.064026, 448 
875.070007, 361 
875.075989, 277 
875.081970, 445 
875.088013, 562 
875.093994, 570 
875.100037, 570 
875.105957, 450 
875.112000, 301 
875.118042, 357 
875.123962, 422 
875.130005, 531 
875.135986, 571 
875.142029, 573 
875.148010, 558 
875.153992, 508 
875.159973, 493 
875.166016, 551 
875.171997, 567 
875.177979, 559 
875.184021, 510 
875.190002, 475 
875.196045, 508 
875.201965, 434 
875.208008, 437 
875.213989, 530 
875.219971, 556 
875.226013, 572 
875.231995, 572 
875.238037, 539 
875.244019, 358 
875.250000, 342 
875.255981, 408 
875.262024, 445 
875.267944, 568 
875.273987, 566 
875.280029, 562 
875.286011, 503 
875.292053, 364 
875.297974, 256 
875.304016, 423 
875.309998, 560 
875.315979, 576 
875.321960, 542 
875.328003, 468 
875.334045, 469 
875.340027, 395 
875.346008, 411 
875.351990, 526 
875.358032, 556 
875.363953, 563 
875.369995, 544 
875.375977, 477 
875.382019, 386 
875.388062, 335 
875.393982, 445 
875.400024, 507 
875.406006, 557 
875.411987, 554 
875.417969, 546 
875.424011, 444 
875.429993, 345 
875.436035, 456 
875.441956, 553 
875.447998, 559 
875.454041, 530 
875.459961, 543 
875.466003, 244 
875.471985, 301 
875.478027, 374 
875.484009, 434 
875.489990, 524 
875.495972, 540 
875.502014, 555 
875.507996, 487 
875.513977, 435 
875.520020, 305 
875.526001, 258 
875.532043, 370 
875.537964, 565 
875.544006, 569 
875.549988, 558 
875.555969, 419 
875.562012, 297 
875.567993, 350 
875.574036, 525 
875.580017, 565 
875.585999, 580 
875.591980, 569 
875.598022, 492 
875.603943, 328 
875.609985, 387 
875.616028, 402 
875.622009, 466 
875.628052, 543 
875.633972, 560 
875.640015, 482 
875.645996, 387 
875.651978, 229 
875.657959, 274 
875.664001, 372 
875.670044, 525 
875.676025, 544 
875.682007, 544 
875.687988, 485 
875.694031, 390 
875.699951, 312 
875.705994, 285 
875.711975, 415 
875.718018, 507 
875.724060, 561 
875.729980, 548 
875.736023, 346 
875.742004, 297 
875.747986, 283 
875.753967, 371 
875.760010, 543 
875.765991, 531 
875.772034, 498 
875.777954, 457 
875.783997, 251 
875.790039, 284 
875.795959, 299 
875.802002, 458 
875.807983, 557 
875.814026, 527 
875.820007, 349 
875.825989, 269 
875.831970, 284 
875.838013, 262 
875.843994, 352 
875.849976, 398 
875.856018, 481 
875.862000, 426 
875.868042, 368 
875.873962, 275 
875.880005, 283 
875.885986, 213 
875.891968, 272 
875.898010, 491 
875.903992, 523 
875.910034, 504 
875.916016, 401 
875.921997, 251 
875.927979, 225 
875.934021, 320 
875.939941, 419 
875.945984, 524 
875.952026, 466 
875.958008, 304 
875.964050, 319 
875.969971, 302 
875.976013, 256 
875.981995, 280 
875.987976, 476 
875.993958, 565 
876.000000, 521 
876.006042, 219 
876.012024, 314 
876.018005, 162 
876.023987, 222 
876.030029, 458 
876.035950, 506 
876.041992, 508 
876.047974, 468 
876.054016, 209 
876.060059, 330 
876.065979, 255 
876.072021, 344 
876.078003, 507 
876.083984, 527 
876.089966, 520 
876.096008, 351 
876.101990, 251 
876.108032, 178 
876.114014, 269 
876.119995, 277 
876.126038, 488 
876.131958, 538 
876.138000, 527 
876.143982, 315 
876.150024, 231 
876.156006, 387 
876.161987, 376 
876.168030, 512 
876.174011, 519 
876.179993, 529 
876.185974, 315 
876.192017, 317 
876.197998, 298 
876.204041, 238 
876.209961, 507 
876.216003, 560 
876.222046, 527 
876.227966, 563 
876.234009, 417 
876.239990, 320 
876.246033, 194 
876.252014, 297 
876.257996, 459 
876.263977, 530 
876.270020, 520 
876.275940, 455 
876.281982, 372 
876.288025, 278 
876.294006, 267 
876.300049, 304 
876.305969, 535 
876.312012, 539 
876.317993, 442 
876.323975, 252 
876.329956, 204 
876.335999, 290 
876.342041, 420 
876.348022, 518 
876.354004, 546 
876.359985, 513 
876.366028, 398 
876.371948, 319 
876.377991, 239 
876.383972, 181 
876.390015, 201 
876.396057, 462 
876.401978, 551 
876.408020, 487 
876.414001, 174 
876.419983, 298 
876.425964, 443 
876.432007, 461 
876.437988, 500 
876.444031, 516 
876.450012, 517 
876.455994, 467 
876.462036, 415 
876.467957, 319 
876.473999, 174 
876.479980, 269 
876.486023, 516 
876.492004, 537 
876.497986, 537 
876.504028, 332 
876.510010, 305 
876.515991, 322 
876.521973, 415 
876.528015, 534 
876.533997, 536 
876.540039, 488 
876.545959, 407 
876.552002, 232 
876.558044, 191 
876.563965, 244 
876.570007, 306 
876.575989, 554 
876.582031, 529 
876.588013, 469 
876.593994, 359 
876.599976, 318 
876.606018, 354 
876.611938, 390 
876.617981, 497 
876.624023, 539 
876.630005, 541 
876.636047, 538 
876.641968, 392 
876.648010, 283 
876.653992, 273 
876.659973, 476 
876.665955, 572 
876.671997, 549 
876.678040, 489 
876.684021, 338 
876.690002, 359 
876.695984, 411 
876.702026, 472 
876.707947, 521 
876.713989, 552 
876.719971, 562 
876.726013, 532 
876.732056, 448 
876.737976, 372 
876.744019, 456 
876.750000, 500 
876.755981, 567 
876.761963, 558 
876.768005, 528 
876.773987, 314 
876.780029, 266 
876.786011, 290 
876.791992, 345 
876.798035, 434 
876.803955, 452 
876.809998, 556 
876.815979, 542 
876.822021, 349 
876.828003, 237 
876.833984, 355 
876.840027, 325 
876.846008, 508 
876.851990, 537 
876.857971, 430 
876.864014, 439 
876.869995, 311 
876.876038, 390 
876.881958, 389 
876.888000, 520 
876.894043, 560 
876.899963, 585 
876.906006, 563 
876.911987, 399 
876.918030, 298 
876.924011, 342 
876.929993, 365 
876.935974, 511 
876.942017, 524 
876.947998, 540 
876.953979, 369 
876.960022, 397 
876.966003, 246 
876.972046, 261 
876.977966, 498 
876.984009, 557 
876.989990, 562 
876.995972, 533 
877.002014, 273 
877.007996, 263 
877.014038, 234 
877.020020, 375 
877.026001, 566 
877.031982, 563 
877.038025, 484 
877.043945, 380 
877.049988, 255 
877.056030, 339 
877.062012, 327 
877.068054, 388 
877.073975, 563 
877.080017, 555 
877.085999, 548 
877.091980, 389 
877.097961, 267 
877.104004, 168 
877.110046, 255 
877.116028, 540 
877.122009, 574 
877.127991, 503 
877.134033, 488 
877.139954, 389 
877.145996, 399 
877.151978, 276 
877.158020, 381 
877.164062, 409 
877.169983, 488 
877.176025, 481 
877.182007, 323 
877.187988, 296 
877.193970, 230 
877.200012, 378 
877.205994, 484 
877.212036, 501 
877.217957, 444 
877.223999, 306 
877.230042, 289 
877.235962, 305 
877.242004, 450 
877.247986, 544 
877.254028, 564 
877.260010, 549 
877.265991, 556 
877.271973, 448 
877.278015, 333 
877.283997, 425 
877.289978, 443 
877.296021, 556 
877.302002, 561 
877.308044, 573 
877.313965, 539 
877.320007, 454 
877.325989, 367 
877.331970, 476 
877.338013, 558 
877.343994, 560 
877.350037, 476 
877.356018, 488 
877.362000, 304 
877.367981, 333 
877.374023, 319 
877.379944, 374 
877.385986, 528 
877.392029, 558 
877.398010, 560 
877.404053, 555 
877.409973, 448 
877.416016, 409 
877.421997, 460 
877.427979, 506 
877.433960, 569 
877.440002, 554 
877.446045, 470 
877.452026, 384 
877.458008, 231 
877.463989, 237 
877.470032, 432 
877.475952, 552 
877.481995, 538 
877.487976, 529 
877.494019, 474 
877.500061, 252 
877.505981, 212 
877.512024, 238 
877.518005, 369 
877.523987, 475 
877.529968, 480 
877.536011, 517 
877.541992, 545 
877.548035, 564 
877.553955, 405 
877.559998, 284 
877.566040, 265 
877.571960, 215 
877.578003, 432 
877.583984, 524 
877.590027, 554 
877.596008, 494 
877.601990, 320 
877.607971, 301 
877.614014, 332 
877.619995, 436 
877.625977, 560 
877.632019, 575 
877.638000, 557 
877.644043, 525 
877.649963, 375 
877.656006, 274 
877.661987, 200 
877.667969, 395 
877.674011, 501 
877.679993, 546 
877.686035, 443 
877.692017, 299 
877.697998, 301 
877.703979, 174 
877.710022, 345 
877.715942, 523 
877.721985, 574 
877.728027, 513 
877.734009, 463 
877.740051, 246 
877.745972, 202 
877.752014, 234 
877.757996, 419 
877.763977, 575 
877.769958, 547 
877.776001, 506 
877.782043, 366 
877.788025, 282 
877.794006, 356 
877.799988, 387 
877.806030, 470 
877.811951, 539 
877.817993, 547 
877.823975, 514 
877.830017, 330 
877.836060, 254 
877.841980, 403 
877.848022, 460 
877.854004, 539 
877.859985, 571 
877.865967, 485 
877.872009, 318 
877.877991, 353 
877.884033, 308 
877.889954, 371 
877.895996, 565 
877.902039, 583 
877.907959, 563 
877.914001, 477 
877.919983, 335 
877.926025, 313 
877.932007, 348 
877.937988, 506 
877.943970, 532 
877.950012, 560 
877.955994, 530 
877.961975, 307 
877.968018, 402 
877.973999, 324 
877.980042, 409 
877.985962, 554 
877.992004, 572 
877.997986, 569 
878.003967, 449 
878.010010, 307 
878.015991, 396 
878.022034, 385 
878.028015, 474 
878.033997, 580 
878.039978, 509 
878.046021, 514 
878.051941, 368 
878.057983, 276 
878.064026, 241 
878.070007, 274 
878.076050, 538 
878.081970, 542 
878.088013, 567 
878.093994, 435 
878.099976, 299 
878.105957, 265 
878.112000, 300 
878.118042, 368 
878.124023, 535 
878.130005, 528 
878.135986, 525 
878.142029, 381 
878.147949, 213 
878.153992, 224 
878.159973, 248 
878.166016, 518 
878.172058, 552 
878.177979, 507 
878.184021, 537 
878.190002, 457 
878.195984, 251 
878.201965, 393 
878.208008, 561 
878.213989, 570 
878.220032, 535 
878.226013, 512 
878.231995, 468 
878.238037, 336 
878.243958, 356 
878.250000, 345 
878.255981, 543 
878.262024, 574 
878.268005, 582 
878.273987, 540 
878.280029, 419 
878.286011, 341 
878.291992, 337 
878.297974, 500 
878.304016, 566 
878.309998, 559 
878.316040, 541 
878.321960, 430 
878.328003, 366 
878.334045, 376 
878.339966, 393 
878.346008, 524 
878.351990, 558 
878.358032, 537 
878.364014, 459 
878.369995, 294 
878.375977, 289 
878.382019, 359 
878.387939, 329 
878.393982, 526 
878.400024, 576 
878.406006, 506 
878.412048, 518 
878.417969, 343 
878.424011, 324 
878.429993, 406 
878.435974, 509 
878.441956, 523 
878.447998, 498 
878.454041, 513 
878.460022, 269 
878.466003, 250 
878.471985, 292 
878.478027, 460 
878.483948, 508 
878.489990, 558 
878.495972, 539 
878.502014, 306 
878.508057, 343 
878.513977, 239 
878.520020, 435 
878.526001, 559 
878.531982, 509 
878.537964, 539 
878.544006, 440 
878.549988, 373 
878.556030, 335 
878.562012, 402 
878.567993, 532 
878.574036, 531 
878.579956, 560 
878.585999, 571 
878.591980, 458 
878.598022, 168 
878.604004, 229 
878.609985, 286 
878.616028, 466 
878.622009, 558 
878.627991, 531 
878.633972, 515 
878.640015, 342 
878.645996, 266 
878.652039, 318 
878.657959, 374 
878.664001, 536 
878.670044, 546 
878.675964, 537 
878.682007, 453 
878.687988, 345 
878.694031, 319 
878.700012, 444 
878.705994, 555 
878.711975, 563 
878.718018, 557 
878.723938, 516 
878.729980, 384 
878.736023, 241 
878.742004, 284 
878.748047, 454 
878.753967, 537 
878.760010, 564 
878.765991, 569 
878.771973, 541 
878.777954, 450 
878.783997, 313 
878.790039, 306 
878.796021, 525 
878.802002, 552 
878.807983, 544 
878.814026, 376 
878.819946, 353 
878.825989, 319 
878.831970, 371 
878.838013, 498 
878.844055, 550 
878.849976, 570 
878.856018, 574 
878.862000, 524 
878.867981, 337 
878.873962, 301 
878.880005, 393 
878.885986, 543 
878.892029, 530 
878.898010, 522 
878.903992, 543 
878.910034, 361 
878.915955, 257 
878.921997, 201 
878.927979, 349 
878.934021, 556 
878.940002, 571 
878.945984, 542 
878.952026, 312 
878.958008, 218 
878.963989, 213 
878.969971, 203 
878.976013, 404 
878.981995, 536 
878.988037, 566 
878.993958, 521 
879.000000, 377 
879.006042, 352 
879.011963, 357 
879.018005, 402 
879.023987, 539 
879.030029, 552 
879.036011, 550 
879.041992, 528 
879.047974, 323 
879.054016, 250 
879.059998, 209 
879.065979, 441 
879.072021, 515 
879.078003, 473 
879.084045, 477 
879.089966, 332 
879.096008, 370 
879.101990, 285 
879.107971, 419 
879.114014, 464 
879.119995, 489 
879.126038, 474 
879.132019, 453 
879.138000, 309 
879.143982, 272 
879.150024, 187 
879.155945, 406 
879.161987, 499 
879.168030, 528 
879.174011, 531 
879.180054, 341 
879.185974, 249 
879.192017, 272 
879.197998, 335 
879.203979, 529 
879.209961, 537 
879.216003, 559 
879.222046, 427 
879.228027, 294 
879.234009, 239 
879.239990, 272 
879.246033, 413 
879.251953, 561 
879.257996, 546 
879.263977, 429 
879.270020, 377 
879.276062, 270 
879.281982, 197 
879.288025, 288 
879.294006, 540 
879.299988, 537 
879.305969, 532 
879.312012, 304 
879.317993, 279 
879.324036, 262 
879.329956, 330 
879.335999, 443 
879.342041, 553 
879.347961, 558 
879.354004, 514 
879.359985, 414 
879.366028, 332 
879.372009, 270 
879.377991, 386 
879.383972, 550 
879.390015, 558 
879.395996, 559 
879.401978, 401 
879.408020, 354 
879.414001, 302 
879.420044, 284 
879.425964, 391 
879.432007, 540 
879.437988, 552 
879.443970, 537 
879.450012, 485 
879.455994, 440 
879.462036, 295 
879.468018, 233 
879.473999, 474 
879.479980, 542 
879.486023, 551 
879.491943, 427 
879.497986, 314 
879.504028, 332 
879.510010, 415 
879.516052, 433 
879.521973, 539 
879.528015, 549 
879.533997, 567 
879.539978, 472 
879.545959, 401 
879.552002, 332 
879.558044, 364 
879.564026, 553 
879.570007, 510 
879.575989, 562 
879.582031, 579 
879.587952, 376 
879.593994, 308 
879.599976, 359 
879.606018, 487 
879.612061, 549 
879.617981, 569 
879.624023, 546 
879.630005, 452 
879.635986, 301 
879.641968, 281 
879.648010, 356 
879.653992, 549 
879.660034, 538 
879.665955, 540 
879.671997, 550 
879.678040, 378 
879.683960, 282 
879.690002, 303 
879.695984, 443 
879.702026, 528 
879.708008, 533 
879.713989, 528 
879.719971, 424 
879.726013, 299 
879.731995, 361 
879.737976, 439 
879.744019, 521 
879.750000, 543 
879.756042, 516 
879.761963, 516 
879.768005, 398 
879.773987, 328 
879.779968, 334 
879.786011, 315 
879.791992, 537 
879.798035, 559 
879.804016, 518 
879.809998, 355 
879.815979, 205 
879.822021, 263 
879.827942, 312 
879.833984, 528 
879.840027, 539 
879.846008, 543 
879.852051, 457 
879.857971, 350 
879.864014, 408 
879.869995, 418 
879.875977, 395 
879.881958, 533 
879.888000, 548 
879.894043, 558 
879.900024, 394 
879.906006, 327 
879.911987, 229 
879.918030, 301 
879.923950, 476 
879.929993, 537 
879.935974, 422 
879.942017, 424 
879.948059, 296 
879.953979, 216 
879.960022, 272 
879.966003, 433 
879.971985, 417 
879.977966, 549 
879.984009, 543 
879.989990, 397 
879.996033, 310 
880.002014, 354 
880.007996, 519 
880.014038, 533 
880.019958, 542 
880.026001, 546 
880.031982, 538 
880.038025, 365 
880.044006, 230 
880.049988, 189 
880.056030, 428 
880.062012, 545 
880.067993, 561 
880.073975, 564 
880.080017, 384 
880.085999, 327 
880.092041, 243 
880.097961, 483 
880.104004, 542 
880.110046, 556 
880.115967, 530 
880.122009, 504 
880.127991, 350 
880.134033, 385 
880.140015, 414 
880.145996, 566 
880.151978, 560 
880.158020, 555 
880.163940, 567 
880.169983, 548 
880.176025, 511 
880.182007, 385 
880.188049, 524 
880.193970, 543 
880.200012, 581 
880.205994, 580 
880.211975, 572 
880.217957, 462 
880.223999, 434 
880.230042, 543 
880.236023, 580 
880.242004, 569 
880.247986, 555 
880.254028, 556 
880.259949, 458 
880.265991, 300 
880.271973, 223 
880.278015, 498 
880.284058, 572 
880.289978, 546 
880.296021, 556 
880.302002, 517 
880.307983, 333 
880.313965, 438 
880.320007, 482 
880.325989, 495 
880.332031, 565 
880.338013, 552 
880.343994, 574 
880.350037, 495 
880.355957, 445 
880.362000, 465 
880.367981, 535 
880.374023, 564 
880.380005, 578 
880.385986, 582 
880.392029, 580 
880.398010, 572 
880.403992, 448 
880.409973, 271 
880.416016, 506 
880.421997, 570 
880.428040, 572 
880.433960, 572 
880.440002, 521 
880.446045, 488 
880.451965, 445 
880.458008, 423 
880.463989, 550 
880.470032, 566 
880.476013, 551 
880.481995, 562 
880.487976, 336 
880.494019, 263 
880.499939, 201 
880.505981, 487 
880.512024, 540 
880.518005, 551 
880.524048, 551 
880.529968, 418 
880.536011, 244 
880.541992, 273 
880.547974, 461 
880.553955, 544 
880.559998, 560 
880.566040, 540 
880.572021, 530 
880.578003, 431 
880.583984, 362 
880.590027, 318 
880.595947, 479 
880.601990, 529 
880.607971, 525 
880.614014, 510 
880.620056, 468 
880.625977, 430 
880.632019, 342 
880.638000, 216 
880.643982, 484 
880.649963, 522 
880.656006, 535 
880.661987, 379 
880.668030, 225 
880.674011, 200 
880.679993, 210 
880.686035, 449 
880.691956, 526 
880.697998, 530 
880.703979, 565 
880.710022, 505 
880.716003, 244 
880.721985, 288 
880.728027, 223 
880.734009, 461 
880.739990, 547 
880.745972, 551 
880.752014, 512 
880.757996, 303 
880.764038, 258 
880.769958, 362 
880.776001, 489 
880.782043, 502 
880.787964, 543 
880.794006, 547 
880.799988, 513 
880.806030, 483 
880.812012, 502 
880.817993, 542 
880.823975, 524 
880.830017, 535 
880.835938, 532 
880.841980, 502 
880.848022, 257 
880.854004, 254 
880.860046, 298 
880.865967, 327 
880.872009, 494 
880.877991, 545 
880.883972, 441 
880.889954, 268 
880.895996, 166 
880.902039, 153 
880.908020, 138 
880.914001, 373 
880.919983, 543 
880.926025, 505 
880.931946, 373 
880.937988, 259 
880.943970, 189 
880.950012, 145 
880.956055, 411 
880.961975, 547 
880.968018, 539 
880.973999, 531 
880.979980, 308 
880.985962, 279 
880.992004, 129 
880.997986, 423 
881.004028, 531 
881.010010, 523 
881.015991, 502 
881.022034, 456 
881.027954, 282 
881.033997, 286 
881.039978, 341 
881.046021, 359 
881.052002, 526 
881.057983, 531 
881.064026, 539 
881.070007, 414 
881.075989, 153 
881.081970, 196 
881.088013, 178 
881.093994, 446 
881.100037, 537 
881.105957, 549 
881.112000, 538 
881.118042, 321 
881.123962, 316 
881.130005, 317 
881.135986, 344 
881.142029, 519 
881.148010, 541 
881.153992, 531 
881.159973, 344 
881.166016, 226 
881.171997, 305 
881.177979, 395 
881.184021, 481 
881.190002, 566 
881.196045, 574 
881.201965, 531 
881.208008, 404 
881.213989, 302 
881.219971, 298 
881.226013, 501 
881.231995, 526 
881.238037, 499 
881.244019, 531 
881.250000, 310 
881.255981, 204 
881.262024, 324 
881.267944, 455 
881.273987, 481 
881.280029, 530 
881.286011, 540 
881.292053, 471 
881.297974, 405 
881.304016, 437 
881.309998, 351 
881.315979, 299 
881.321960, 517 
881.328003, 544 
881.334045, 539 
881.340027, 419 
881.346008, 431 
881.351990, 213 
881.358032, 388 
881.363953, 502 
881.369995, 527 
881.375977, 496 
881.382019, 522 
881.388062, 276 
881.393982, 269 
881.400024, 346 
881.406006, 308 
881.411987, 446 
881.417969, 529 
881.424011, 475 
881.429993, 329 
881.436035, 280 
881.441956, 217 
881.447998, 92 
881.454041, 431 
881.459961, 509 
881.466003, 486 
881.471985, 278 
881.478027, 261 
881.484009, 189 
881.489990, 307 
881.495972, 383 
881.502014, 358 
881.507996, 512 
881.513977, 480 
881.520020, 276 
881.526001, 210 
881.532043, 368 
881.537964, 251 
881.544006, 241 
881.549988, 500 
881.555969, 505 
881.562012, 506 
881.567993, 182 
881.574036, 205 
881.580017, 272 
881.585999, 402 
881.591980, 395 
881.598022, 495 
881.603943, 240 
881.609985, 247 
881.616028, 231 
881.622009, 164 
881.628052, 340 
881.633972, 453 
881.640015, 516 
881.645996, 471 
881.651978, 424 
881.657959, 153 
881.664001, 261 
881.670044, 290 
881.676025, 243 
881.682007, 425 
881.687988, 492 
881.694031, 339 
881.699951, 307 
881.705994, 69 
881.711975, 205 
881.718018, 322 
881.724060, 412 
881.729980, 526 
881.736023, 533 
881.742004, 333 
881.747986, 245 
881.753967, 200 
881.760010, 206 
881.765991, 327 
881.772034, 467 
881.777954, 528 
881.783997, 378 
881.790039, 318 
881.795959, 240 
881.802002, 57 
881.807983, 279 
881.814026, 474 
881.820007, 506 
881.825989, 502 
881.831970, 282 
881.838013, 214 
881.843994, 207 
881.849976, 127 
881.856018, 266 
881.862000, 265 
881.868042, 248 
881.873962, 254 
881.880005, 195 
881.885986, 138 
881.891968, 86 
881.898010, 165 
881.903992, 197 
881.910034, 225 
881.916016, 204 
881.921997, 253 
881.927979, 104 
881.934021, 106 
881.939941, 225 
881.945984, 134 
881.952026, 141 
881.958008, 194 
881.964050, 250 
881.969971, 151 
881.976013, 146 
881.981995, 146 
881.987976, 186 
881.993958, 108 
882.000000, 278 
882.006042, 184 
882.012024, 167 
882.018005, 114 
882.023987, 161 
882.030029, 119 
882.497986, 2 
882.515991, 10 
882.521973, 4 
882.786011, 4 
882.864014, 5 
883.014038, 6 
883.049988, 5 
883.056030, 1 
883.068054, 4 
883.073975, 4 
883.080017, 7 
883.110046, 3 
883.145996, 1 
883.151978, 5 
883.158020, 3 
883.205994, 7 
883.247986, 3 
883.260010, 20 
883.265991, 4 
883.296021, 2 
883.325989, 1 
883.379944, 2 
883.398010, 2 
883.416016, 1 
883.536011, 3 
883.614014, 10 
883.619995, 2 
883.674011, 7 
883.679993, 2 
883.686035, 12 
883.692017, 10 
883.697998, 1 
883.715942, 6 
883.721985, 5 
883.734009, 3 
883.745972, 1 
883.806030, 13 
883.836060, 6 
883.877991, 6 
883.884033, 24 
883.932007, 1 
883.968018, 2 
884.028015, 34 
884.046021, 5 
884.051941, 15 
884.057983, 2 
884.070007, 1 
884.076050, 3 
884.153992, 2 
884.213989, 1 
884.220032, 8 
884.243958, 1 
884.268005, 1 
884.291992, 1 
884.309998, 23 
884.334045, 8 
884.346008, 1 
884.358032, 1 
884.364014, 25 
884.375977, 8 
884.382019, 2 
884.441956, 5 
884.447998, 4 
884.478027, 2 
884.531982, 1 
884.544006, 5 
884.562012, 18 
884.633972, 4 
884.640015, 14 
884.694031, 3 
884.700012, 8 
884.796021, 2 
884.838013, 4 
884.844055, 4 
884.873962, 2 
884.910034, 5 
884.958008, 4 
884.963989, 6 
885.000000, 2 
885.101990, 8 
885.126038, 6 
885.138000, 9 
885.209961, 3 
885.216003, 2 
885.222046, 3 
885.270020, 16 
885.294006, 14 
885.305969, 1 
885.383972, 17 
885.390015, 4 
885.395996, 2 
885.401978, 9 
885.408020, 5 
885.432007, 5 
885.437988, 2 
885.473999, 3 
885.491943, 6 
885.504028, 4 
885.510010, 1 
885.539978, 12 
885.564026, 5 
885.570007, 7 
885.575989, 8 
885.593994, 3 
885.599976, 6 
885.630005, 5 
885.635986, 2 
885.641968, 13 
885.648010, 14 
885.653992, 1 
885.660034, 2 
885.665955, 7 
885.671997, 8 
885.690002, 2 
885.695984, 3 
885.702026, 3 
885.708008, 8 
885.719971, 7 
885.731995, 24 
885.737976, 7 
885.744019, 9 
885.756042, 5 
885.761963, 2 
885.768005, 5 
885.773987, 4 
885.779968, 2 
885.786011, 4 
885.791992, 2 
885.804016, 5 
885.809998, 10 
885.815979, 19 
885.822021, 12 
885.827942, 10 
885.833984, 7 
885.840027, 5 
885.846008, 13 
885.852051, 4 
885.857971, 1 
885.864014, 24 
885.869995, 14 
885.875977, 2 
885.881958, 2 
885.888000, 1 
885.894043, 21 
885.900024, 5 
885.906006, 5 
885.911987, 3 
885.918030, 5 
885.923950, 4 
885.929993, 7 
885.942017, 12 
885.948059, 26 
885.953979, 8 
885.960022, 8 
885.966003, 6 
885.971985, 8 
885.989990, 2 
885.996033, 2 
886.002014, 4 
886.007996, 25 
886.014038, 6 
886.019958, 4 
886.026001, 6 
886.031982, 11 
886.044006, 4 
886.049988, 2 
886.056030, 11 
886.062012, 5 
886.073975, 1 
886.085999, 3 
886.097961, 3 
886.104004, 10 
886.110046, 5 
886.122009, 22 
886.127991, 23 
886.134033, 3 
886.158020, 3 
886.163940, 2 
886.176025, 1 
886.182007, 17 
886.188049, 22 
886.193970, 10 
886.200012, 8 
886.205994, 2 
886.211975, 4 
886.217957, 1 
886.223999, 3 
886.236023, 17 
886.242004, 7 
886.271973, 2 
886.278015, 49 
886.284058, 15 
886.302002, 23 
886.307983, 18 
886.313965, 9 
886.320007, 1 
886.325989, 8 
886.332031, 15 
886.338013, 10 
886.343994, 4 
886.350037, 6 
886.362000, 41 
886.367981, 1 
886.380005, 10 
886.385986, 12 
886.392029, 7 
886.398010, 8 
886.403992, 10 
886.409973, 16 
886.416016, 8 
886.421997, 4 
886.428040, 11 
886.433960, 3 
886.440002, 6 
886.458008, 3 
886.463989, 23 
886.470032, 3 
886.494019, 3 
886.499939, 2 
886.505981, 4 
886.536011, 12 
886.553955, 1 
886.559998, 19 
886.566040, 1 
886.572021, 1 
886.578003, 13 
886.583984, 10 
886.595947, 7 
886.601990, 11 
886.614014, 8 
886.620056, 32 
886.625977, 3 
886.643982, 33 
886.649963, 18 
886.656006, 2 
886.661987, 1 
886.679993, 55 
886.686035, 8 
886.697998, 2 
886.703979, 23 
886.716003, 18 
886.721985, 25 
886.739990, 5 
886.745972, 1 
886.752014, 5 
886.769958, 1 
886.787964, 1 
886.812012, 1 
886.872009, 18 
886.877991, 6 
886.883972, 1 
886.902039, 1 
886.908020, 2 
886.931946, 2 
886.943970, 4 
886.973999, 2 
886.979980, 1 
887.010010, 2 
887.027954, 6 
887.033997, 2 
887.046021, 21 
887.052002, 4 
887.057983, 3 
887.064026, 26 
887.070007, 1 
887.081970, 35 
887.088013, 8 
887.093994, 13 
887.100037, 17 
887.105957, 60 
887.112000, 21 
887.118042, 5 
887.123962, 28 
887.130005, 3 
887.135986, 3 
887.142029, 14 
887.148010, 23 
887.153992, 25 
887.159973, 32 
887.166016, 15 
887.171997, 2 
887.177979, 58 
887.184021, 6 
887.190002, 3 
887.196045, 3 
887.201965, 7 
887.208008, 3 
887.213989, 25 
887.219971, 6 
887.226013, 36 
887.231995, 23 
887.238037, 24 
887.244019, 39 
887.250000, 34 
887.255981, 26 
887.262024, 3 
887.267944, 2 
887.273987, 6 
887.280029, 6 
887.286011, 28 
887.292053, 11 
887.297974, 49 
887.304016, 60 
887.309998, 52 
887.315979, 32 
887.321960, 41 
887.328003, 35 
887.334045, 25 
887.340027, 24 
887.346008, 27 
887.351990, 37 
887.358032, 36 
887.363953, 44 
887.369995, 59 
887.375977, 46 
887.382019, 40 
887.388062, 50 
887.393982, 32 
887.400024, 49 
887.406006, 63 
887.411987, 24 
887.417969, 36 
887.424011, 21 
887.429993, 28 
887.436035, 52 
887.441956, 17 
887.447998, 24 
887.454041, 39 
887.459961, 44 
887.466003, 39 
887.471985, 45 
887.478027, 43 
887.484009, 53 
887.489990, 63 
887.495972, 38 
887.502014, 60 
887.507996, 39 
887.513977, 56 
887.520020, 47 
887.526001, 38 
887.532043, 33 
887.537964, 30 
887.544006, 51 
887.549988, 54 
887.555969, 44 
887.562012, 28 
887.567993, 36 
887.574036, 65 
887.580017, 112 
887.585999, 42 
887.591980, 50 
887.598022, 52 
887.603943, 50 
887.609985, 36 
887.616028, 34 
887.622009, 38 
887.628052, 60 
887.633972, 30 
887.640015, 21 
887.645996, 24 
887.651978, 41 
887.657959, 60 
887.664001, 41 
887.670044, 32 
887.676025, 30 
887.682007, 57 
887.687988, 43 
887.694031, 9 
887.699951, 8 
887.705994, 45 
887.711975, 63 
887.718018, 33 
887.724060, 9 
887.729980, 39 
887.736023, 17 
887.742004, 14 
887.747986, 38 
887.753967, 42 
887.760010, 36 
887.765991, 17 
887.772034, 23 
887.777954, 23 
887.783997, 53 
887.790039, 55 
887.795959, 25 
887.802002, 35 
887.807983, 30 
887.814026, 7 
887.820007, 3 
887.825989, 25 
887.831970, 38 
887.838013, 44 
887.843994, 6 
887.849976, 2 
887.856018, 7 
887.862000, 11 
887.868042, 19 
887.873962, 39 
887.880005, 64 
887.885986, 63 
887.891968, 52 
887.898010, 52 
887.903992, 26 
887.910034, 40 
887.916016, 3 
887.921997, 10 
887.927979, 49 
887.934021, 16 
887.939941, 7 
887.945984, 47 
887.952026, 12 
887.958008, 4 
887.964050, 12 
887.969971, 11 
887.976013, 31 
887.981995, 12 
887.987976, 6 
887.993958, 44 
888.000000, 38 
888.006042, 19 
888.012024, 33 
888.018005, 38 
888.023987, 17 
888.030029, 16 
888.035950, 2 
888.041992, 27 
888.047974, 19 
888.054016, 28 
888.060059, 16 
888.065979, 11 
888.072021, 8 
888.078003, 2 
888.083984, 21 
888.089966, 31 
888.096008, 39 
888.101990, 13 
888.108032, 28 
888.114014, 11 
888.119995, 37 
888.126038, 46 
888.131958, 40 
888.138000, 13 
888.143982, 9 
888.150024, 10 
888.156006, 5 
888.161987, 47 
888.168030, 40 
888.174011, 18 
888.179993, 46 
888.185974, 22 
888.192017, 11 
888.197998, 2 
888.204041, 22 
888.209961, 8 
888.216003, 2 
888.222046, 1 
888.227966, 13 
888.234009, 22 
888.239990, 41 
888.246033, 31 
888.252014, 46 
888.257996, 37 
888.263977, 45 
888.270020, 24 
888.275940, 29 
888.281982, 19 
888.288025, 28 
888.294006, 24 
888.300049, 10 
888.305969, 24 
888.312012, 29 
888.317993, 23 
888.323975, 14 
888.329956, 35 
888.335999, 41 
888.342041, 37 
888.348022, 42 
888.354004, 36 
888.359985, 44 
888.366028, 48 
888.371948, 33 
888.377991, 49 
888.383972, 33 
888.390015, 13 
888.396057, 14 
888.401978, 43 
888.408020, 42 
888.414001, 18 
888.419983, 32 
888.425964, 45 
888.432007, 42 
888.437988, 29 
888.444031, 9 
888.450012, 16 
888.455994, 44 
888.462036, 25 
888.467957, 44 
888.473999, 38 
888.479980, 58 
888.486023, 43 
888.492004, 13 
888.497986, 19 
888.504028, 43 
888.510010, 30 
888.515991, 36 
888.521973, 34 
888.528015, 38 
888.533997, 21 
888.540039, 37 
888.545959, 46 
888.552002, 39 
888.558044, 57 
888.563965, 25 
888.570007, 39 
888.575989, 35 
888.582031, 29 
888.588013, 36 
888.593994, 55 
888.599976, 36 
888.606018, 26 
888.611938, 36 
888.617981, 37 
888.624023, 21 
888.630005, 55 
888.636047, 35 
888.641968, 24 
888.648010, 30 
888.653992, 36 
888.659973, 46 
888.665955, 44 
888.671997, 36 
888.678040, 36 
888.684021, 21 
888.690002, 28 
888.695984, 43 
888.702026, 26 
888.707947, 21 
888.713989, 27 
888.719971, 45 
888.726013, 35 
888.732056, 40 
888.737976, 33 
888.744019, 33 
888.750000, 20 
888.755981, 34 
888.761963, 12 
888.768005, 44 
888.773987, 47 
888.780029, 44 
888.786011, 37 
888.791992, 54 
888.798035, 44 
888.803955, 32 
888.809998, 30 
888.815979, 42 
888.822021, 33 
888.828003, 65 
888.833984, 36 
888.840027, 11 
888.846008, 26 
888.851990, 35 
888.857971, 34 
888.864014, 33 
888.869995, 40 
888.876038, 37 
888.881958, 29 
888.888000, 4 
888.894043, 26 
888.899963, 21 
888.906006, 17 
888.911987, 6 
888.918030, 58 
888.924011, 52 
888.929993, 40 
888.935974, 28 
888.942017, 9 
888.947998, 19 
888.953979, 19 
888.960022, 27 
888.966003, 43 
888.972046, 48 
888.977966, 32 
888.984009, 50 
888.989990, 57 
888.995972, 38 
889.002014, 45 
889.007996, 54 
889.014038, 38 
889.020020, 36 
889.026001, 33 
889.031982, 16 
889.038025, 47 
889.043945, 39 
889.049988, 32 
889.056030, 40 
889.062012, 67 
889.068054, 57 
889.073975, 59 
889.080017, 44 
889.085999, 40 
889.091980, 41 
889.097961, 31 
889.104004, 39 
889.110046, 33 
889.116028, 29 
889.122009, 19 
889.127991, 35 
889.134033, 49 
889.139954, 36 
889.145996, 28 
889.151978, 32 
889.158020, 32 
889.164062, 23 
889.169983, 27 
889.176025, 37 
889.182007, 24 
889.187988, 45 
889.193970, 35 
889.200012, 29 
889.205994, 37 
889.212036, 44 
889.217957, 50 
889.223999, 14 
889.230042, 41 
889.235962, 36 
889.242004, 48 
889.247986, 62 
889.254028, 59 
889.260010, 46 
889.265991, 29 
889.271973, 22 
889.278015, 30 
889.283997, 65 
889.289978, 67 
889.296021, 61 
889.302002, 46 
889.308044, 46 
889.313965, 46 
889.320007, 49 
889.325989, 136 
889.331970, 43 
889.338013, 42 
889.343994, 77 
889.350037, 68 
889.356018, 46 
889.362000, 44 
889.367981, 16 
889.374023, 40 
889.379944, 54 
889.385986, 46 
889.392029, 32 
889.398010, 59 
889.404053, 52 
889.409973, 16 
889.416016, 24 
889.421997, 50 
889.427979, 47 
889.433960, 33 
889.440002, 44 
889.446045, 65 
889.452026, 48 
889.458008, 49 
889.463989, 56 
889.470032, 52 
889.475952, 53 
889.481995, 17 
889.487976, 45 
889.494019, 41 
889.500061, 39 
889.505981, 42 
889.512024, 42 
889.518005, 33 
889.523987, 25 
889.529968, 32 
889.536011, 31 
889.541992, 25 
889.548035, 34 
889.553955, 36 
889.559998, 28 
889.566040, 31 
889.571960, 35 
889.578003, 54 
889.583984, 47 
889.590027, 32 
889.596008, 12 
889.601990, 35 
889.607971, 31 
889.614014, 37 
889.619995, 58 
889.625977, 64 
889.632019, 84 
889.638000, 49 
889.644043, 16 
889.649963, 13 
889.656006, 30 
889.661987, 16 
889.667969, 28 
889.674011, 48 
889.679993, 39 
889.686035, 33 
889.692017, 37 
889.697998, 30 
889.703979, 29 
889.710022, 56 
889.715942, 32 
889.721985, 34 
889.728027, 52 
889.734009, 42 
889.740051, 67 
889.745972, 46 
889.752014, 35 
889.757996, 51 
889.763977, 31 
889.769958, 40 
889.776001, 19 
889.782043, 51 
889.788025, 42 
889.794006, 44 
889.799988, 25 
889.806030, 32 
889.811951, 45 
889.817993, 57 
889.823975, 66 
889.830017, 17 
889.836060, 51 
889.841980, 42 
889.848022, 67 
889.854004, 81 
889.859985, 29 
889.865967, 47 
889.872009, 48 
889.877991, 38 
889.884033, 56 
889.889954, 41 
889.895996, 35 
889.902039, 55 
889.907959, 29 
889.914001, 33 
889.919983, 69 
889.926025, 39 
889.932007, 37 
889.937988, 52 
889.943970, 39 
889.950012, 37 
889.955994, 29 
889.961975, 46 
889.968018, 42 
889.973999, 60 
889.980042, 20 
889.985962, 27 
889.992004, 27 
889.997986, 4 
890.003967, 11 
890.010010, 11 
890.015991, 10 
890.022034, 6 
890.124023, 9 
890.213989, 1 
890.220032, 6 
890.346008, 3 
890.502014, 3 
890.591980, 3 
890.675964, 1 
890.682007, 2 
890.711975, 6 
890.718018, 7 
890.849976, 6 
890.915955, 3 
891.089966, 4 
891.101990, 1 
891.143982, 6 
893.033997, 3 
893.052002, 43 
893.057983, 8 
893.070007, 23 
893.075989, 20 
893.081970, 37 
893.088013, 20 
893.093994, 114 
893.100037, 236 
893.105957, 136 
893.112000, 5 
893.123962, 7 
893.130005, 29 
893.135986, 1 
893.142029, 11 
893.148010, 150 
893.153992, 60 
893.171997, 7 
893.177979, 17 
893.184021, 2 
893.190002, 4 
893.196045, 15 
893.213989, 22 
893.226013, 41 
893.238037, 27 
893.250000, 5 
893.267944, 1 
893.273987, 11 
893.280029, 6 
893.304016, 6 
893.309998, 1 
893.321960, 18 
893.328003, 23 
893.334045, 40 
893.351990, 13 
893.363953, 7 
893.369995, 40 
893.375977, 1 
893.382019, 1 
893.388062, 1 
893.393982, 10 
893.400024, 16 
893.406006, 1 
893.417969, 128 
893.424011, 20 
893.447998, 36 
893.454041, 124 
893.459961, 62 
893.466003, 3 
893.471985, 17 
893.478027, 44 
893.489990, 24 
893.502014, 20 
893.507996, 34 
893.513977, 71 
893.520020, 16 
893.537964, 3 
893.544006, 3 
893.549988, 57 
893.562012, 4 
893.574036, 4 
893.591980, 3 
893.598022, 10 
893.609985, 13 
893.616028, 1 
893.640015, 8 
893.664001, 29 
893.670044, 2 
893.676025, 4 
893.682007, 18 
893.687988, 144 
893.694031, 3 
893.724060, 20 
893.729980, 82 
893.736023, 84 
893.742004, 22 
893.753967, 27 
893.760010, 10 
893.765991, 25 
893.772034, 2 
893.777954, 27 
893.783997, 36 
893.795959, 3 
893.802002, 10 
893.807983, 18 
893.814026, 70 
893.820007, 43 
893.831970, 4 
893.838013, 13 
893.856018, 23 
893.868042, 49 
893.873962, 17 
893.885986, 1 
893.891968, 4 
893.916016, 11 
893.927979, 4 
893.934021, 7 
893.939941, 40 
893.945984, 8 
893.952026, 3 
893.964050, 6 
893.981995, 23 
894.000000, 29 
894.006042, 26 
894.018005, 1 
894.041992, 2 
894.047974, 2 
894.054016, 11 
894.072021, 8 
894.078003, 36 
894.083984, 45 
894.089966, 62 
894.096008, 189 
894.101990, 49 
894.114014, 11 
894.119995, 18 
894.126038, 4 
894.131958, 1 
894.138000, 52 
894.143982, 93 
894.150024, 22 
894.156006, 22 
894.179993, 210 
894.185974, 232 
894.192017, 2 
894.204041, 29 
894.216003, 45 
894.222046, 39 
894.227966, 21 
894.234009, 12 
894.239990, 15 
894.257996, 8 
894.263977, 42 
894.270020, 58 
894.275940, 46 
894.281982, 38 
894.288025, 11 
894.294006, 6 
894.300049, 123 
894.305969, 13 
894.312012, 11 
894.317993, 61 
894.329956, 22 
894.335999, 12 
894.342041, 7 
894.348022, 12 
894.354004, 12 
894.359985, 62 
894.366028, 7 
894.383972, 10 
894.396057, 20 
894.401978, 9 
894.408020, 42 
894.414001, 109 
894.425964, 33 
894.437988, 5 
894.444031, 191 
894.450012, 160 
894.455994, 239 
894.462036, 29 
894.467957, 7 
894.492004, 49 
894.497986, 164 
894.504028, 52 
894.510010, 41 
894.515991, 31 
894.521973, 4 
894.528015, 86 
894.533997, 12 
894.540039, 136 
894.545959, 71 
894.552002, 18 
894.558044, 51 
894.563965, 5 
894.570007, 1 
894.575989, 101 
894.582031, 63 
894.588013, 62 
894.599976, 29 
894.606018, 40 
894.611938, 2 
894.617981, 26 
894.624023, 8 
894.630005, 54 
894.636047, 26 
894.641968, 45 
894.671997, 1 
894.678040, 92 
894.684021, 34 
894.690002, 35 
894.695984, 50 
894.702026, 5 
894.707947, 1 
894.713989, 38 
894.719971, 96 
894.726013, 100 
894.732056, 35 
894.737976, 7 
894.755981, 1 
894.761963, 180 
894.768005, 165 
894.773987, 106 
894.780029, 26 
894.791992, 12 
894.803955, 18 
894.809998, 206 
894.815979, 147 
894.822021, 17 
894.840027, 7 
894.846008, 25 
894.851990, 137 
894.857971, 216 
894.864014, 15 
894.869995, 2 
894.876038, 1 
894.881958, 15 
894.888000, 72 
894.894043, 16 
894.899963, 113 
894.906006, 42 
894.918030, 6 
894.924011, 13 
894.929993, 39 
894.942017, 9 
894.947998, 118 
894.953979, 73 
894.960022, 13 
894.972046, 5 
894.977966, 6 
894.984009, 32 
894.989990, 253 
894.995972, 1 
895.002014, 2 
897.683960, 1 
898.140015, 7 
898.494019, 3 
898.499939, 4 
898.734009, 1 
898.769958, 11 
898.895996, 1 
898.902039, 3 
899.159973, 3 
899.231995, 1 
899.273987, 2 
899.315979, 6 
899.363953, 4 
899.400024, 7 
899.406006, 1 
899.454041, 2 
899.471985, 14 
899.478027, 48 
899.484009, 37 
899.489990, 17 
899.507996, 5 
899.537964, 3 
899.567993, 1 
899.580017, 21 
899.609985, 2 
899.616028, 2 
899.633972, 10 
899.651978, 101 
899.657959, 44 
899.664001, 25 
899.670044, 47 
899.694031, 2 
899.753967, 2 
899.777954, 8 
899.825989, 1 
899.856018, 3 
899.868042, 1 
899.921997, 3 
899.927979, 35 
899.976013, 1 
899.981995, 53 
899.987976, 13 
899.993958, 11 
900.006042, 3 
900.012024, 9 
900.018005, 15 
900.023987, 37 
900.030029, 16 
900.054016, 6 
900.060059, 11 
900.065979, 33 
900.072021, 26 
900.078003, 69 
900.083984, 1 
900.101990, 7 
900.108032, 161 
900.114014, 4 
900.119995, 3 
900.126038, 54 
900.131958, 21 
900.138000, 26 
900.143982, 83 
900.150024, 1 
900.156006, 1 
900.161987, 3 
900.168030, 7 
900.174011, 43 
900.179993, 1 
900.185974, 21 
900.192017, 16 
900.197998, 35 
900.204041, 220 
900.209961, 130 
900.216003, 84 
900.222046, 21 
900.234009, 6 
900.239990, 70 
900.246033, 153 
900.252014, 10 
900.263977, 21 
900.270020, 1 
900.275940, 24 
900.281982, 14 
900.288025, 69 
900.294006, 23 
900.300049, 64 
900.305969, 124 
900.312012, 120 
900.323975, 65 
900.329956, 7 
900.335999, 126 
900.342041, 106 
900.348022, 219 
900.354004, 110 
900.359985, 9 
900.366028, 3 
900.371948, 64 
900.377991, 17 
900.383972, 174 
900.390015, 281 
900.396057, 157 
900.401978, 26 
900.414001, 1 
900.419983, 25 
900.425964, 26 
900.432007, 93 
900.437988, 30 
900.444031, 8 
900.450012, 36 
900.455994, 3 
900.462036, 3 
900.467957, 184 
900.473999, 154 
900.479980, 287 
900.486023, 210 
900.492004, 114 
900.497986, 39 
900.504028, 112 
900.515991, 143 
900.521973, 122 
900.528015, 246 
900.533997, 53 
900.545959, 9 
900.552002, 41 
900.563965, 93 
900.570007, 109 
900.575989, 309 
900.582031, 29 
900.588013, 8 
900.593994, 124 
900.599976, 243 
900.606018, 48 
900.611938, 50 
900.617981, 65 
900.624023, 69 
900.641968, 24 
900.648010, 22 
900.653992, 269 
900.659973, 13 
900.665955, 6 
900.690002, 1 
900.695984, 2 
900.702026, 30 
900.707947, 87 
900.713989, 28 
900.732056, 46 
900.737976, 9 
900.744019, 7 
900.750000, 203 
900.755981, 36 
900.761963, 33 
900.773987, 43 
900.780029, 135 
900.786011, 206 
900.791992, 79 
900.798035, 1 
900.803955, 1 
900.809998, 128 
900.815979, 42 
900.822021, 150 
900.828003, 96 
900.833984, 28 
900.840027, 42 
900.846008, 99 
900.851990, 32 
900.857971, 1 
900.864014, 101 
900.869995, 20 
900.876038, 8 
900.881958, 163 
900.888000, 300 
900.894043, 66 
900.899963, 3 
900.906006, 2 
900.918030, 4 
900.924011, 44 
900.929993, 32 
900.935974, 54 
900.942017, 85 
900.947998, 2 
900.960022, 21 
900.966003, 34 
900.972046, 111 
900.977966, 80 
900.984009, 156 
900.989990, 9 
901.007996, 15 
901.014038, 54 
901.020020, 142 
901.026001, 116 
901.031982, 13 
901.049988, 125 
901.056030, 43 
901.062012, 154 
901.068054, 32 
901.073975, 44 
901.080017, 22 
901.091980, 1 
901.097961, 47 
901.104004, 13 
901.110046, 59 
901.116028, 61 
901.127991, 10 
901.139954, 97 
901.145996, 15 
901.151978, 54 
901.158020, 177 
901.164062, 55 
901.169983, 8 
901.176025, 16 
901.182007, 12 
901.187988, 4 
901.193970, 51 
901.200012, 145 
901.205994, 263 
901.217957, 38 
901.223999, 21 
901.230042, 179 
901.235962, 116 
901.242004, 173 
901.247986, 42 
901.254028, 1 
901.260010, 1 
901.271973, 70 
901.278015, 47 
901.283997, 262 
901.289978, 347 
901.296021, 89 
901.302002, 42 
901.308044, 58 
901.313965, 136 
901.320007, 26 
901.325989, 18 
901.331970, 82 
901.338013, 43 
901.343994, 25 
901.350037, 54 
901.356018, 1 
901.362000, 84 
901.367981, 25 
901.374023, 7 
901.379944, 162 
901.385986, 222 
901.392029, 98 
901.404053, 28 
901.409973, 25 
901.416016, 87 
901.421997, 4 
901.427979, 39 
901.433960, 139 
901.440002, 193 
901.446045, 75 
901.452026, 36 
901.458008, 150 
901.463989, 132 
901.470032, 21 
901.475952, 237 
901.481995, 215 
901.487976, 111 
901.494019, 67 
901.500061, 24 
901.505981, 38 
901.512024, 149 
901.518005, 156 
901.523987, 97 
901.529968, 43 
901.536011, 17 
901.541992, 44 
901.548035, 13 
901.553955, 97 
901.559998, 103 
901.566040, 122 
901.571960, 38 
901.578003, 19 
901.583984, 29 
901.590027, 79 
901.596008, 188 
901.601990, 306 
901.607971, 199 
901.614014, 113 
901.619995, 39 
901.625977, 59 
901.632019, 31 
901.644043, 36 
901.649963, 16 
901.656006, 10 
901.661987, 149 
901.667969, 124 
901.674011, 6 
901.679993, 186 
901.686035, 261 
901.692017, 153 
901.697998, 242 
901.703979, 193 
901.710022, 237 
901.715942, 99 
901.721985, 95 
901.728027, 183 
901.734009, 338 
901.740051, 155 
901.745972, 142 
901.752014, 76 
901.757996, 50 
901.763977, 97 
901.769958, 111 
901.776001, 177 
901.782043, 158 
901.788025, 134 
901.794006, 24 
901.799988, 17 
901.806030, 14 
901.811951, 63 
901.817993, 91 
901.823975, 194 
901.830017, 307 
901.836060, 259 
901.841980, 6 
901.848022, 41 
901.854004, 53 
901.859985, 155 
901.865967, 187 
901.872009, 156 
901.877991, 168 
901.884033, 124 
901.889954, 13 
901.895996, 109 
901.902039, 61 
901.907959, 260 
901.914001, 56 
901.919983, 194 
901.926025, 15 
901.932007, 75 
901.937988, 168 
901.943970, 111 
901.950012, 43 
901.955994, 6 
901.961975, 112 
901.968018, 133 
901.973999, 29 
901.980042, 45 
901.997986, 127 
902.003967, 150 
902.010010, 163 
902.015991, 26 
902.022034, 53 
902.028015, 33 
902.033997, 1 
2171.141846, 2 
2185.343994, 1 
2185.716064, 3 
2185.937988, 3 
2185.986084, 2 
2186.021973, 4 
2186.052002, 5 
2186.148193, 5 
2186.213867, 2 
2186.250000, 5 
2186.280029, 6 
2186.286133, 1 
2186.375977, 1 
2186.417969, 6 
2186.424072, 29 
2186.429932, 34 
2186.513916, 1 
2186.520020, 3 
2186.604004, 3 
2186.651855, 4 
2186.796143, 2 
2186.843994, 10 
2186.892090, 24 
2186.970215, 1 
2187.066162, 3 
2187.108154, 7 
2187.150146, 2 
2187.156006, 4 
2187.162109, 19 
2187.239990, 1 
2187.246094, 6 
2187.335938, 1 
2187.473877, 9 
2187.515869, 6 
2187.582031, 1 
2187.696045, 1 
2187.743896, 3 
2187.750000, 21 
2187.834229, 2 
2187.924072, 3 
2188.008057, 1 
2189.045898, 1 
2189.052002, 1 
2189.105957, 4 
2189.112061, 5 
2189.232178, 4 
2189.387939, 1 
2189.508057, 6 
2189.513916, 9 
2191.541992, 2 
